0.0
0.1676279455423355

In iRMB depth:  0
torch.Size([1, 80, 7, 7])
tensor([[-0.0500, -0.0479, -0.0479, -0.0479, -0.0479, -0.0479, -0.0395],
        [-0.0495, -0.0569, -0.0569, -0.0569, -0.0569, -0.0569, -0.0538],
        [-0.0512, -0.0591, -0.0591, -0.0591, -0.0591, -0.0591, -0.0558],
        [-0.0530, -0.0612, -0.0612, -0.0612, -0.0612, -0.0612, -0.0578],
        [-0.0548, -0.0634, -0.0634, -0.0634, -0.0634, -0.0634, -0.0599],
        [-0.0565, -0.0657, -0.0657, -0.0657, -0.0657, -0.0657, -0.0619],
        [-0.0639, -0.0780, -0.0780, -0.0780, -0.0780, -0.0780, -0.0693]],
       grad_fn=<SliceBackward0>)

0.0
0.1676279455423355

In iRMB depth:  1
torch.Size([1, 80, 14, 14])
tensor([[28161.6660, 31384.1895, 34341.2461, 34485.1016, 34343.1914, 34486.8516,
         34345.5781, 34489.2109, 34347.3281, 34491.1797, 34349.6797, 34493.2969,
         31272.3691, 28317.4980],
        [31264.1582, 35519.5898, 39502.5820, 39652.9883, 39504.8789, 39655.2695,
         39506.8555, 39657.1992, 39509.1328, 39659.5547, 39510.9492, 39661.4688,
         35408.1875, 31427.0410],
        [34360.5312, 39648.6953, 44658.4219, 44815.3711, 44660.1367, 44817.2930,
         44662.4883, 44819.4414, 44664.4688, 44821.3828, 44666.7422, 44823.6523,
         39537.2578, 34529.7773],
        [34378.2734, 39666.5117, 44675.5391, 44832.4453, 44677.5859, 44834.7852,
         44679.5586, 44836.5117, 44681.8359, 44839.0391, 44683.6484, 44840.8516,
         39554.6328, 34547.0820],
        [34388.7656, 39677.0547, 44686.7305, 44843.6328, 44687.8828, 44845.0469,
         44690.1523, 44847.3086, 44692.0898, 44849.2930, 44694.4883, 44851.4414,
         39565.1680, 34557.7422],
        [34406.0430, 39694.4570, 44703.4961, 44860.2578, 44705.5586, 44862.4609,
         44707.3047, 44864.2578, 44709.5703, 44866.5273, 44711.5586, 44868.5078,
         39582.5469, 34574.9844],
        [34416.6992, 39704.9961, 44714.6836, 44871.4609, 44715.8789, 44872.7773,
         44718.0781, 44875.1133, 44719.8789, 44877.0352, 44722.1523, 44879.3086,
         39592.8789, 34585.6367],
        [34433.9414, 39722.4141, 44731.6289, 44888.7852, 44733.8398, 44890.8633,
         44735.2812, 44892.1836, 44737.4922, 44894.2734, 44739.2969, 44896.2539,
         39610.2539, 34602.6680],
        [34444.6094, 39732.7617, 44742.4766, 44899.3945, 44744.1562, 44901.3086,
         44746.4727, 44903.3711, 44747.7891, 44904.6992, 44749.8828, 44907.0508,
         39620.7773, 34613.3086],
        [34461.8477, 39750.1406, 44759.5586, 44916.5078, 44761.8242, 44918.8477,
         44763.2344, 44920.1680, 44765.2969, 44922.1953, 44766.9688, 44924.1211,
         39638.0000, 34630.5586],
        [34472.2773, 39760.6641, 44770.1523, 44927.3086, 44772.0859, 44929.1172,
         44774.4219, 44931.3672, 44775.7461, 44932.5195, 44777.8203, 44934.7617,
         39648.5039, 34641.1719],
        [34489.5156, 39777.8828, 44787.2969, 44944.2539, 44789.5664, 44946.5117,
         44791.4961, 44948.4453, 44793.5859, 44950.5273, 44794.9531, 44952.1055,
         39665.7852, 34658.4766],
        [31414.9668, 35670.3359, 39653.7734, 39804.1953, 39655.7461, 39806.1211,
         39658.0625, 39808.4375, 39659.8242, 39810.1797, 39662.0664, 39812.4414,
         35558.4336, 31577.3125],
        [28346.7148, 31569.1914, 34526.0586, 34669.9102, 34528.4141, 34672.0859,
         34530.1641, 34674.0039, 34532.5078, 34676.3398, 34534.4141, 34678.0234,
         31457.7480, 28502.8027]], grad_fn=<SliceBackward0>)

28161.666015625
187.69549560546875

In iRMB depth:  2
torch.Size([1, 80, 14, 14])
tensor([[ 8195631.0000,  9110427.0000,  9983280.0000, 10005767.0000,
          9983282.0000, 10005769.0000,  9983285.0000, 10005771.0000,
          9983286.0000, 10005773.0000,  9983289.0000, 10005775.0000,
          9091033.0000,  8218195.5000],
        [ 9089254.0000, 10302485.0000, 11472779.0000, 11496311.0000,
         11472778.0000, 11496313.0000, 11472780.0000, 11496315.0000,
         11472785.0000, 11496318.0000, 11472787.0000, 11496319.0000,
         10283143.0000,  9112871.0000],
        [ 9982265.0000, 11493907.0000, 12961635.0000, 12986258.0000,
         12961637.0000, 12986260.0000, 12961639.0000, 12986262.0000,
         12961641.0000, 12986264.0000, 12961644.0000, 12986267.0000,
         11474572.0000, 10006869.0000],
        [ 9982613.0000, 11494316.0000, 12961971.0000, 12986596.0000,
         12961963.0000, 12986599.0000, 12961975.0000, 12986601.0000,
         12961977.0000, 12986603.0000, 12961979.0000, 12986605.0000,
         11474906.0000, 10007248.0000],
        [ 9982293.0000, 11493935.0000, 12961664.0000, 12986287.0000,
         12961665.0000, 12986288.0000, 12961667.0000, 12986290.0000,
         12961669.0000, 12986292.0000, 12961671.0000, 12986294.0000,
         11474600.0000, 10006897.0000],
        [ 9982641.0000, 11494343.0000, 12961988.0000, 12986624.0000,
         12961991.0000, 12986626.0000, 12961992.0000, 12986628.0000,
         12961995.0000, 12986631.0000, 12961997.0000, 12986633.0000,
         11474934.0000, 10007276.0000],
        [ 9982317.0000, 11493963.0000, 12961692.0000, 12986314.0000,
         12961693.0000, 12986316.0000, 12961695.0000, 12986318.0000,
         12961697.0000, 12986320.0000, 12961699.0000, 12986322.0000,
         11474628.0000, 10006925.0000],
        [ 9982669.0000, 11494371.0000, 12962017.0000, 12986653.0000,
         12962019.0000, 12986655.0000, 12962020.0000, 12986656.0000,
         12962022.0000, 12986658.0000, 12962034.0000, 12986660.0000,
         11474961.0000, 10007304.0000],
        [ 9982345.0000, 11493991.0000, 12961719.0000, 12986342.0000,
         12961721.0000, 12986344.0000, 12961723.0000, 12986346.0000,
         12961725.0000, 12986348.0000, 12961727.0000, 12986350.0000,
         11474656.0000, 10006952.0000],
        [ 9982697.0000, 11494399.0000, 12962045.0000, 12986681.0000,
         12962047.0000, 12986683.0000, 12962048.0000, 12986684.0000,
         12962050.0000, 12986686.0000, 12962052.0000, 12986688.0000,
         11474989.0000, 10007332.0000],
        [ 9982372.0000, 11494019.0000, 12961747.0000, 12986370.0000,
         12961749.0000, 12986372.0000, 12961751.0000, 12986374.0000,
         12961753.0000, 12986376.0000, 12961755.0000, 12986378.0000,
         11474684.0000, 10006980.0000],
        [ 9982725.0000, 11494427.0000, 12962072.0000, 12986708.0000,
         12962075.0000, 12986711.0000, 12962076.0000, 12986712.0000,
         12962079.0000, 12986715.0000, 12962080.0000, 12986716.0000,
         11475017.0000, 10007359.0000],
        [ 9089126.0000, 10302370.0000, 11472617.0000, 11496202.0000,
         11472619.0000, 11496204.0000, 11472621.0000, 11496206.0000,
         11472623.0000, 11496208.0000, 11472625.0000, 11496210.0000,
         10282985.0000,  9112699.0000],
        [ 8196152.5000,  9110926.0000,  9983807.0000, 10006335.0000,
          9983809.0000, 10006337.0000,  9983811.0000, 10006339.0000,
          9983814.0000, 10006341.0000,  9983815.0000, 10006343.0000,
          9091564.0000,  8218720.0000]], grad_fn=<SliceBackward0>)

8195631.0
54574.6796875

In iRMB depth:  3
torch.Size([1, 80, 14, 14])
tensor([[2.3716e+09, 2.6333e+09, 2.8885e+09, 2.8920e+09, 2.8885e+09, 2.8920e+09,
         2.8885e+09, 2.8920e+09, 2.8885e+09, 2.8920e+09, 2.8885e+09, 2.8920e+09,
         2.6303e+09, 2.3751e+09],
        [2.6300e+09, 2.9780e+09, 3.3193e+09, 3.3229e+09, 3.3193e+09, 3.3229e+09,
         3.3193e+09, 3.3229e+09, 3.3193e+09, 3.3229e+09, 3.3193e+09, 3.3229e+09,
         2.9750e+09, 2.6337e+09],
        [2.8883e+09, 3.3226e+09, 3.7499e+09, 3.7538e+09, 3.7499e+09, 3.7538e+09,
         3.7499e+09, 3.7538e+09, 3.7499e+09, 3.7538e+09, 3.7499e+09, 3.7538e+09,
         3.3195e+09, 2.8922e+09],
        [2.8884e+09, 3.3226e+09, 3.7500e+09, 3.7538e+09, 3.7500e+09, 3.7538e+09,
         3.7500e+09, 3.7538e+09, 3.7500e+09, 3.7538e+09, 3.7500e+09, 3.7538e+09,
         3.3196e+09, 2.8923e+09],
        [2.8883e+09, 3.3226e+09, 3.7499e+09, 3.7538e+09, 3.7499e+09, 3.7538e+09,
         3.7499e+09, 3.7538e+09, 3.7499e+09, 3.7538e+09, 3.7499e+09, 3.7538e+09,
         3.3195e+09, 2.8922e+09],
        [2.8884e+09, 3.3226e+09, 3.7500e+09, 3.7538e+09, 3.7500e+09, 3.7538e+09,
         3.7500e+09, 3.7538e+09, 3.7500e+09, 3.7538e+09, 3.7500e+09, 3.7538e+09,
         3.3196e+09, 2.8923e+09],
        [2.8883e+09, 3.3226e+09, 3.7499e+09, 3.7538e+09, 3.7499e+09, 3.7538e+09,
         3.7499e+09, 3.7538e+09, 3.7499e+09, 3.7538e+09, 3.7499e+09, 3.7538e+09,
         3.3195e+09, 2.8922e+09],
        [2.8884e+09, 3.3226e+09, 3.7500e+09, 3.7538e+09, 3.7500e+09, 3.7538e+09,
         3.7500e+09, 3.7538e+09, 3.7500e+09, 3.7538e+09, 3.7500e+09, 3.7538e+09,
         3.3196e+09, 2.8923e+09],
        [2.8883e+09, 3.3226e+09, 3.7499e+09, 3.7538e+09, 3.7499e+09, 3.7538e+09,
         3.7499e+09, 3.7538e+09, 3.7499e+09, 3.7538e+09, 3.7499e+09, 3.7538e+09,
         3.3195e+09, 2.8922e+09],
        [2.8884e+09, 3.3226e+09, 3.7500e+09, 3.7538e+09, 3.7500e+09, 3.7538e+09,
         3.7500e+09, 3.7538e+09, 3.7500e+09, 3.7538e+09, 3.7500e+09, 3.7538e+09,
         3.3196e+09, 2.8923e+09],
        [2.8883e+09, 3.3226e+09, 3.7499e+09, 3.7538e+09, 3.7499e+09, 3.7538e+09,
         3.7499e+09, 3.7538e+09, 3.7499e+09, 3.7538e+09, 3.7499e+09, 3.7538e+09,
         3.3195e+09, 2.8922e+09],
        [2.8884e+09, 3.3226e+09, 3.7500e+09, 3.7538e+09, 3.7500e+09, 3.7538e+09,
         3.7500e+09, 3.7538e+09, 3.7500e+09, 3.7538e+09, 3.7500e+09, 3.7538e+09,
         3.3196e+09, 2.8923e+09],
        [2.6300e+09, 2.9780e+09, 3.3192e+09, 3.3229e+09, 3.3192e+09, 3.3229e+09,
         3.3192e+09, 3.3229e+09, 3.3192e+09, 3.3229e+09, 3.3192e+09, 3.3229e+09,
         2.9749e+09, 2.6337e+09],
        [2.3716e+09, 2.6334e+09, 2.8886e+09, 2.8921e+09, 2.8886e+09, 2.8921e+09,
         2.8886e+09, 2.8921e+09, 2.8886e+09, 2.8921e+09, 2.8886e+09, 2.8921e+09,
         2.6303e+09, 2.3752e+09]], grad_fn=<SliceBackward0>)

2371574528.0
15792259.0

In iRMB depth:  4
torch.Size([1, 80, 14, 14])
tensor([[6.8605e+11, 7.6130e+11, 8.3553e+11, 8.3609e+11, 8.3553e+11, 8.3609e+11,
         8.3553e+11, 8.3609e+11, 8.3553e+11, 8.3609e+11, 8.3553e+11, 8.3609e+11,
         7.6083e+11, 6.8660e+11],
        [7.6078e+11, 8.6097e+11, 9.6010e+11, 9.6068e+11, 9.6010e+11, 9.6068e+11,
         9.6010e+11, 9.6068e+11, 9.6010e+11, 9.6068e+11, 9.6010e+11, 9.6068e+11,
         8.6050e+11, 7.6136e+11],
        [8.3551e+11, 9.6062e+11, 1.0847e+12, 1.0853e+12, 1.0847e+12, 1.0853e+12,
         1.0847e+12, 1.0853e+12, 1.0847e+12, 1.0853e+12, 1.0847e+12, 1.0853e+12,
         9.6014e+11, 8.3611e+11],
        [8.3552e+11, 9.6063e+11, 1.0847e+12, 1.0853e+12, 1.0847e+12, 1.0853e+12,
         1.0847e+12, 1.0853e+12, 1.0847e+12, 1.0853e+12, 1.0847e+12, 1.0853e+12,
         9.6015e+11, 8.3612e+11],
        [8.3551e+11, 9.6062e+11, 1.0847e+12, 1.0853e+12, 1.0847e+12, 1.0853e+12,
         1.0847e+12, 1.0853e+12, 1.0847e+12, 1.0853e+12, 1.0847e+12, 1.0853e+12,
         9.6014e+11, 8.3611e+11],
        [8.3552e+11, 9.6063e+11, 1.0847e+12, 1.0853e+12, 1.0847e+12, 1.0853e+12,
         1.0847e+12, 1.0853e+12, 1.0847e+12, 1.0853e+12, 1.0847e+12, 1.0853e+12,
         9.6015e+11, 8.3612e+11],
        [8.3551e+11, 9.6062e+11, 1.0847e+12, 1.0853e+12, 1.0847e+12, 1.0853e+12,
         1.0847e+12, 1.0853e+12, 1.0847e+12, 1.0853e+12, 1.0847e+12, 1.0853e+12,
         9.6014e+11, 8.3611e+11],
        [8.3552e+11, 9.6063e+11, 1.0847e+12, 1.0853e+12, 1.0847e+12, 1.0853e+12,
         1.0847e+12, 1.0853e+12, 1.0847e+12, 1.0853e+12, 1.0847e+12, 1.0853e+12,
         9.6015e+11, 8.3612e+11],
        [8.3551e+11, 9.6062e+11, 1.0847e+12, 1.0853e+12, 1.0847e+12, 1.0853e+12,
         1.0847e+12, 1.0853e+12, 1.0847e+12, 1.0853e+12, 1.0847e+12, 1.0853e+12,
         9.6014e+11, 8.3611e+11],
        [8.3552e+11, 9.6063e+11, 1.0847e+12, 1.0853e+12, 1.0847e+12, 1.0853e+12,
         1.0847e+12, 1.0853e+12, 1.0847e+12, 1.0853e+12, 1.0847e+12, 1.0853e+12,
         9.6015e+11, 8.3612e+11],
        [8.3551e+11, 9.6062e+11, 1.0847e+12, 1.0853e+12, 1.0847e+12, 1.0853e+12,
         1.0847e+12, 1.0853e+12, 1.0847e+12, 1.0853e+12, 1.0847e+12, 1.0853e+12,
         9.6014e+11, 8.3611e+11],
        [8.3552e+11, 9.6063e+11, 1.0847e+12, 1.0853e+12, 1.0847e+12, 1.0853e+12,
         1.0847e+12, 1.0853e+12, 1.0847e+12, 1.0853e+12, 1.0847e+12, 1.0853e+12,
         9.6015e+11, 8.3612e+11],
        [7.6078e+11, 8.6096e+11, 9.6009e+11, 9.6067e+11, 9.6009e+11, 9.6067e+11,
         9.6009e+11, 9.6067e+11, 9.6009e+11, 9.6067e+11, 9.6009e+11, 9.6067e+11,
         8.6049e+11, 7.6136e+11],
        [6.8605e+11, 7.6131e+11, 8.3554e+11, 8.3610e+11, 8.3554e+11, 8.3610e+11,
         8.3554e+11, 8.3610e+11, 8.3554e+11, 8.3610e+11, 8.3554e+11, 8.3610e+11,
         7.6084e+11, 6.8661e+11]], grad_fn=<SliceBackward0>)

686048215040.0
4568378880.0

In iRMB depth:  5
torch.Size([1, 80, 14, 14])
tensor([[1.9843e+14, 2.2012e+14, 2.4166e+14, 2.4174e+14, 2.4166e+14, 2.4174e+14,
         2.4166e+14, 2.4174e+14, 2.4166e+14, 2.4174e+14, 2.4166e+14, 2.4174e+14,
         2.2005e+14, 1.9851e+14],
        [2.2004e+14, 2.4894e+14, 2.7768e+14, 2.7777e+14, 2.7768e+14, 2.7777e+14,
         2.7768e+14, 2.7777e+14, 2.7768e+14, 2.7777e+14, 2.7768e+14, 2.7777e+14,
         2.4887e+14, 2.2013e+14],
        [2.4165e+14, 2.7776e+14, 3.1370e+14, 3.1379e+14, 3.1370e+14, 3.1379e+14,
         3.1370e+14, 3.1379e+14, 3.1370e+14, 3.1379e+14, 3.1370e+14, 3.1379e+14,
         2.7768e+14, 2.4175e+14],
        [2.4165e+14, 2.7776e+14, 3.1370e+14, 3.1379e+14, 3.1370e+14, 3.1379e+14,
         3.1370e+14, 3.1379e+14, 3.1370e+14, 3.1379e+14, 3.1370e+14, 3.1379e+14,
         2.7769e+14, 2.4175e+14],
        [2.4165e+14, 2.7776e+14, 3.1370e+14, 3.1379e+14, 3.1370e+14, 3.1379e+14,
         3.1370e+14, 3.1379e+14, 3.1370e+14, 3.1379e+14, 3.1370e+14, 3.1379e+14,
         2.7768e+14, 2.4175e+14],
        [2.4165e+14, 2.7776e+14, 3.1370e+14, 3.1379e+14, 3.1370e+14, 3.1379e+14,
         3.1370e+14, 3.1379e+14, 3.1370e+14, 3.1379e+14, 3.1370e+14, 3.1379e+14,
         2.7769e+14, 2.4175e+14],
        [2.4165e+14, 2.7776e+14, 3.1370e+14, 3.1379e+14, 3.1370e+14, 3.1379e+14,
         3.1370e+14, 3.1379e+14, 3.1370e+14, 3.1379e+14, 3.1370e+14, 3.1379e+14,
         2.7768e+14, 2.4175e+14],
        [2.4165e+14, 2.7776e+14, 3.1370e+14, 3.1379e+14, 3.1370e+14, 3.1379e+14,
         3.1370e+14, 3.1379e+14, 3.1370e+14, 3.1379e+14, 3.1370e+14, 3.1379e+14,
         2.7769e+14, 2.4175e+14],
        [2.4165e+14, 2.7776e+14, 3.1370e+14, 3.1379e+14, 3.1370e+14, 3.1379e+14,
         3.1370e+14, 3.1379e+14, 3.1370e+14, 3.1379e+14, 3.1370e+14, 3.1379e+14,
         2.7768e+14, 2.4175e+14],
        [2.4165e+14, 2.7776e+14, 3.1370e+14, 3.1379e+14, 3.1370e+14, 3.1379e+14,
         3.1370e+14, 3.1379e+14, 3.1370e+14, 3.1379e+14, 3.1370e+14, 3.1379e+14,
         2.7769e+14, 2.4175e+14],
        [2.4165e+14, 2.7776e+14, 3.1370e+14, 3.1379e+14, 3.1370e+14, 3.1379e+14,
         3.1370e+14, 3.1379e+14, 3.1370e+14, 3.1379e+14, 3.1370e+14, 3.1379e+14,
         2.7768e+14, 2.4175e+14],
        [2.4165e+14, 2.7776e+14, 3.1370e+14, 3.1379e+14, 3.1370e+14, 3.1379e+14,
         3.1370e+14, 3.1379e+14, 3.1370e+14, 3.1379e+14, 3.1370e+14, 3.1379e+14,
         2.7769e+14, 2.4175e+14],
        [2.2004e+14, 2.4894e+14, 2.7768e+14, 2.7777e+14, 2.7768e+14, 2.7777e+14,
         2.7768e+14, 2.7777e+14, 2.7768e+14, 2.7777e+14, 2.7768e+14, 2.7777e+14,
         2.4887e+14, 2.2013e+14],
        [1.9843e+14, 2.2012e+14, 2.4166e+14, 2.4174e+14, 2.4166e+14, 2.4174e+14,
         2.4166e+14, 2.4174e+14, 2.4166e+14, 2.4174e+14, 2.4166e+14, 2.4174e+14,
         2.2005e+14, 1.9851e+14]], grad_fn=<SliceBackward0>)

198427606515712.0
1321324773376.0

In iRMB depth:  6
torch.Size([1, 80, 14, 14])
tensor([[5.7387e+16, 6.3650e+16, 6.9887e+16, 6.9901e+16, 6.9887e+16, 6.9901e+16,
         6.9887e+16, 6.9901e+16, 6.9887e+16, 6.9901e+16, 6.9887e+16, 6.9901e+16,
         6.3638e+16, 5.7400e+16],
        [6.3637e+16, 7.1984e+16, 8.0304e+16, 8.0319e+16, 8.0304e+16, 8.0319e+16,
         8.0304e+16, 8.0319e+16, 8.0304e+16, 8.0319e+16, 8.0304e+16, 8.0319e+16,
         7.1972e+16, 6.3651e+16],
        [6.9887e+16, 8.0317e+16, 9.0722e+16, 9.0736e+16, 9.0722e+16, 9.0736e+16,
         9.0722e+16, 9.0736e+16, 9.0722e+16, 9.0736e+16, 9.0722e+16, 9.0736e+16,
         8.0306e+16, 6.9902e+16],
        [6.9887e+16, 8.0317e+16, 9.0722e+16, 9.0736e+16, 9.0722e+16, 9.0736e+16,
         9.0722e+16, 9.0736e+16, 9.0722e+16, 9.0736e+16, 9.0722e+16, 9.0736e+16,
         8.0306e+16, 6.9902e+16],
        [6.9887e+16, 8.0317e+16, 9.0722e+16, 9.0736e+16, 9.0722e+16, 9.0736e+16,
         9.0722e+16, 9.0736e+16, 9.0722e+16, 9.0736e+16, 9.0722e+16, 9.0736e+16,
         8.0306e+16, 6.9902e+16],
        [6.9887e+16, 8.0317e+16, 9.0722e+16, 9.0736e+16, 9.0722e+16, 9.0736e+16,
         9.0722e+16, 9.0736e+16, 9.0722e+16, 9.0736e+16, 9.0722e+16, 9.0736e+16,
         8.0306e+16, 6.9902e+16],
        [6.9887e+16, 8.0317e+16, 9.0722e+16, 9.0736e+16, 9.0722e+16, 9.0736e+16,
         9.0722e+16, 9.0736e+16, 9.0722e+16, 9.0736e+16, 9.0722e+16, 9.0736e+16,
         8.0306e+16, 6.9902e+16],
        [6.9887e+16, 8.0317e+16, 9.0722e+16, 9.0736e+16, 9.0722e+16, 9.0736e+16,
         9.0722e+16, 9.0736e+16, 9.0722e+16, 9.0736e+16, 9.0722e+16, 9.0736e+16,
         8.0306e+16, 6.9902e+16],
        [6.9887e+16, 8.0317e+16, 9.0722e+16, 9.0736e+16, 9.0722e+16, 9.0736e+16,
         9.0722e+16, 9.0736e+16, 9.0722e+16, 9.0736e+16, 9.0722e+16, 9.0736e+16,
         8.0306e+16, 6.9902e+16],
        [6.9887e+16, 8.0317e+16, 9.0722e+16, 9.0736e+16, 9.0722e+16, 9.0736e+16,
         9.0722e+16, 9.0736e+16, 9.0722e+16, 9.0736e+16, 9.0722e+16, 9.0736e+16,
         8.0306e+16, 6.9902e+16],
        [6.9887e+16, 8.0317e+16, 9.0722e+16, 9.0736e+16, 9.0722e+16, 9.0736e+16,
         9.0722e+16, 9.0736e+16, 9.0722e+16, 9.0736e+16, 9.0722e+16, 9.0736e+16,
         8.0306e+16, 6.9902e+16],
        [6.9887e+16, 8.0317e+16, 9.0722e+16, 9.0736e+16, 9.0722e+16, 9.0736e+16,
         9.0722e+16, 9.0736e+16, 9.0722e+16, 9.0736e+16, 9.0722e+16, 9.0736e+16,
         8.0306e+16, 6.9902e+16],
        [6.3637e+16, 7.1984e+16, 8.0304e+16, 8.0319e+16, 8.0304e+16, 8.0319e+16,
         8.0304e+16, 8.0319e+16, 8.0304e+16, 8.0319e+16, 8.0304e+16, 8.0319e+16,
         7.1972e+16, 6.3651e+16],
        [5.7387e+16, 6.3650e+16, 6.9888e+16, 6.9901e+16, 6.9888e+16, 6.9901e+16,
         6.9888e+16, 6.9901e+16, 6.9888e+16, 6.9901e+16, 6.9888e+16, 6.9901e+16,
         6.3638e+16, 5.7400e+16]], grad_fn=<SliceBackward0>)

5.738675884890522e+16
382137064751104.0

In iRMB depth:  7
torch.Size([1, 80, 14, 14])
tensor([[1.6596e+19, 1.8405e+19, 2.0211e+19, 2.0213e+19, 2.0211e+19, 2.0213e+19,
         2.0211e+19, 2.0213e+19, 2.0211e+19, 2.0213e+19, 2.0211e+19, 2.0213e+19,
         1.8404e+19, 1.6598e+19],
        [1.8403e+19, 2.0815e+19, 2.3223e+19, 2.3225e+19, 2.3223e+19, 2.3225e+19,
         2.3223e+19, 2.3225e+19, 2.3223e+19, 2.3225e+19, 2.3223e+19, 2.3225e+19,
         2.0814e+19, 1.8406e+19],
        [2.0211e+19, 2.3225e+19, 2.6236e+19, 2.6238e+19, 2.6236e+19, 2.6238e+19,
         2.6236e+19, 2.6238e+19, 2.6236e+19, 2.6238e+19, 2.6236e+19, 2.6238e+19,
         2.3223e+19, 2.0213e+19],
        [2.0211e+19, 2.3225e+19, 2.6236e+19, 2.6238e+19, 2.6236e+19, 2.6238e+19,
         2.6236e+19, 2.6238e+19, 2.6236e+19, 2.6238e+19, 2.6236e+19, 2.6238e+19,
         2.3223e+19, 2.0213e+19],
        [2.0211e+19, 2.3225e+19, 2.6236e+19, 2.6238e+19, 2.6236e+19, 2.6238e+19,
         2.6236e+19, 2.6238e+19, 2.6236e+19, 2.6238e+19, 2.6236e+19, 2.6238e+19,
         2.3223e+19, 2.0213e+19],
        [2.0211e+19, 2.3225e+19, 2.6236e+19, 2.6238e+19, 2.6236e+19, 2.6238e+19,
         2.6236e+19, 2.6238e+19, 2.6236e+19, 2.6238e+19, 2.6236e+19, 2.6238e+19,
         2.3223e+19, 2.0213e+19],
        [2.0211e+19, 2.3225e+19, 2.6236e+19, 2.6238e+19, 2.6236e+19, 2.6238e+19,
         2.6236e+19, 2.6238e+19, 2.6236e+19, 2.6238e+19, 2.6236e+19, 2.6238e+19,
         2.3223e+19, 2.0213e+19],
        [2.0211e+19, 2.3225e+19, 2.6236e+19, 2.6238e+19, 2.6236e+19, 2.6238e+19,
         2.6236e+19, 2.6238e+19, 2.6236e+19, 2.6238e+19, 2.6236e+19, 2.6238e+19,
         2.3223e+19, 2.0213e+19],
        [2.0211e+19, 2.3225e+19, 2.6236e+19, 2.6238e+19, 2.6236e+19, 2.6238e+19,
         2.6236e+19, 2.6238e+19, 2.6236e+19, 2.6238e+19, 2.6236e+19, 2.6238e+19,
         2.3223e+19, 2.0213e+19],
        [2.0211e+19, 2.3225e+19, 2.6236e+19, 2.6238e+19, 2.6236e+19, 2.6238e+19,
         2.6236e+19, 2.6238e+19, 2.6236e+19, 2.6238e+19, 2.6236e+19, 2.6238e+19,
         2.3223e+19, 2.0213e+19],
        [2.0211e+19, 2.3225e+19, 2.6236e+19, 2.6238e+19, 2.6236e+19, 2.6238e+19,
         2.6236e+19, 2.6238e+19, 2.6236e+19, 2.6238e+19, 2.6236e+19, 2.6238e+19,
         2.3223e+19, 2.0213e+19],
        [2.0211e+19, 2.3225e+19, 2.6236e+19, 2.6238e+19, 2.6236e+19, 2.6238e+19,
         2.6236e+19, 2.6238e+19, 2.6236e+19, 2.6238e+19, 2.6236e+19, 2.6238e+19,
         2.3223e+19, 2.0213e+19],
        [1.8403e+19, 2.0815e+19, 2.3223e+19, 2.3225e+19, 2.3223e+19, 2.3225e+19,
         2.3223e+19, 2.3225e+19, 2.3223e+19, 2.3225e+19, 2.3223e+19, 2.3225e+19,
         2.0813e+19, 1.8406e+19],
        [1.6596e+19, 1.8405e+19, 2.0211e+19, 2.0213e+19, 2.0211e+19, 2.0213e+19,
         2.0211e+19, 2.0213e+19, 2.0211e+19, 2.0213e+19, 2.0211e+19, 2.0213e+19,
         1.8404e+19, 1.6598e+19]], grad_fn=<SliceBackward0>)
