 after DW-DW_conv
0.98707 0.98707 0.98707 0.98707 0.98707 0.98707 0.98707 0.98707 0.98707 0.98707
0.978967 0.978967 0.978967 0.978967 0.978967 0.978967 0.978967 0.978967 0.978967 0.978967
0.970863 0.970863 0.970863 0.970863 0.970863 0.970863 0.970863 0.970863 0.970863 0.970863
0.962759 0.962759 0.962759 0.962759 0.962759 0.962759 0.962759 0.962759 0.962759 0.962759
0.954655 0.954655 0.954655 0.954655 0.954655 0.954655 0.954655 0.954655 0.954655 0.954655
0.946553 0.946553 0.946553 0.946553 0.946553 0.946553 0.946553 0.946553 0.946553 0.946553
0.938448 0.938448 0.938448 0.938448 0.938448 0.938448 0.938448 0.938448 0.938448 0.938448
0.930344 0.930344 0.930344 0.930344 0.930344 0.930344 0.930344 0.930344 0.930344 0.930344
0.922243 0.922243 0.922243 0.922243 0.922243 0.922243 0.922243 0.922243 0.922243 0.922243
0.914141 0.914141 0.914141 0.914141 0.914141 0.914141 0.914141 0.914141 0.914141 0.914141

 after DW-batchnorm
4.74003 4.74003 4.74003 4.74003 4.74003 4.74003 4.74003 4.74003 4.74003 4.74003
4.70296 4.70296 4.70296 4.70296 4.70296 4.70296 4.70296 4.70296 4.70296 4.70296
4.66588 4.66588 4.66588 4.66588 4.66588 4.66588 4.66588 4.66588 4.66588 4.66588
4.6288 4.6288 4.6288 4.6288 4.6288 4.6288 4.6288 4.6288 4.6288 4.6288
4.59173 4.59173 4.59173 4.59173 4.59173 4.59173 4.59173 4.59173 4.59173 4.59173
4.55466 4.55466 4.55466 4.55466 4.55466 4.55466 4.55466 4.55466 4.55466 4.55466
4.51758 4.51758 4.51758 4.51758 4.51758 4.51758 4.51758 4.51758 4.51758 4.51758
4.4805 4.4805 4.4805 4.4805 4.4805 4.4805 4.4805 4.4805 4.4805 4.4805
4.44344 4.44344 4.44344 4.44344 4.44344 4.44344 4.44344 4.44344 4.44344 4.44344
4.40638 4.40638 4.40638 4.40638 4.40638 4.40638 4.40638 4.40638 4.40638 4.40638

 after DW-SiLU
4.69896 4.69896 4.69896 4.69896 4.69896 4.69896 4.69896 4.69896 4.69896 4.69896
4.66069 4.66069 4.66069 4.66069 4.66069 4.66069 4.66069 4.66069 4.66069 4.66069
4.62238 4.62238 4.62238 4.62238 4.62238 4.62238 4.62238 4.62238 4.62238 4.62238
4.58403 4.58403 4.58403 4.58403 4.58403 4.58403 4.58403 4.58403 4.58403 4.58403
4.54566 4.54566 4.54566 4.54566 4.54566 4.54566 4.54566 4.54566 4.54566 4.54566
4.50725 4.50725 4.50725 4.50725 4.50725 4.50725 4.50725 4.50725 4.50725 4.50725
4.4688 4.4688 4.4688 4.4688 4.4688 4.4688 4.4688 4.4688 4.4688 4.4688
4.43032 4.43032 4.43032 4.43032 4.43032 4.43032 4.43032 4.43032 4.43032 4.43032
4.39181 4.39181 4.39181 4.39181 4.39181 4.39181 4.39181 4.39181 4.39181 4.39181
4.35327 4.35327 4.35327 4.35327 4.35327 4.35327 4.35327 4.35327 4.35327 4.35327

 after SE-compute_mean
43.7297 2.91272 2.77047 10.7822
9.91619 0.553152 1.36259 0.0129562
3.32612 19.7911 3.72481 3.88061
1.4271 25.9654 0.881401 -0.00129501
1.30618 1.965 0.0202098 81.627
259.071 6.0775 1.93681 -3.48602e-05

 after SE-pointwise
12.3005 -119.627 -28.2268 399.99
-79.5646 -44.7742 -42.9842 -18.8302
65.1453 -38.0197 11.8896 28.4641
-20.9351 25.0474 51.4973 60.0425
-67.9342 -22.4405 48.7236 17.8073
72.7608 -3.29016 45.3835 2.12767

 after SE-SiLU
12.3004 -0 -1.5557e-11 399.99
-2.21949e-33 -1.60643e-18 -9.23652e-18 -1.25022e-07
65.1453 -1.17025e-15 11.8896 28.4641
-1.69383e-08 25.0474 51.4973 60.0425
-2.13138e-28 -4.02929e-09 48.7236 17.8073
72.7608 -0.11815 45.3835 1.90121

 after SE-pointwise2
-39.8908 -17.9473 -29.7627 -30.0391
-34.2099 -64.7918 -46.5069 -38.6853
-38.454 -34.5335 -41.0113 -39.6805
-40.2696 -29.0135 -36.7006 -39.8405
-36.3872 -35.0192 2.27679 -33.1273
-94.0647 -42.7834 -33.5481 -19.6591

 after SE-Sigmoid
4.73855e-18 1.60538e-08 1.1864e-13 8.99919e-14
1.3894e-15 7.26566e-29 6.34322e-21 1.58196e-17
1.99363e-17 1.00532e-15 1.54533e-18 5.84776e-18
3.24452e-18 2.50953e-13 1.15119e-16 4.98321e-18
1.5749e-16 6.18538e-16 0.906936 4.10194e-15
0 2.62679e-19 2.69297e-15 2.89845e-09

 after SE-compute_mul
7.5436e-08 7.5436e-08 7.5436e-08 7.5436e-08 7.5436e-08 7.5436e-08 7.5436e-08 7.5436e-08 7.5436e-08 7.5436e-08
7.48216e-08 7.48216e-08 7.48216e-08 7.48216e-08 7.48216e-08 7.48216e-08 7.48216e-08 7.48216e-08 7.48216e-08 7.48216e-08
7.42065e-08 7.42065e-08 7.42065e-08 7.42065e-08 7.42065e-08 7.42065e-08 7.42065e-08 7.42065e-08 7.42065e-08 7.42065e-08
7.3591e-08 7.3591e-08 7.3591e-08 7.3591e-08 7.3591e-08 7.3591e-08 7.3591e-08 7.3591e-08 7.3591e-08 7.3591e-08
7.29749e-08 7.29749e-08 7.29749e-08 7.29749e-08 7.29749e-08 7.29749e-08 7.29749e-08 7.29749e-08 7.29749e-08 7.29749e-08
7.23583e-08 7.23583e-08 7.23583e-08 7.23583e-08 7.23583e-08 7.23583e-08 7.23583e-08 7.23583e-08 7.23583e-08 7.23583e-08
7.1741e-08 7.1741e-08 7.1741e-08 7.1741e-08 7.1741e-08 7.1741e-08 7.1741e-08 7.1741e-08 7.1741e-08 7.1741e-08
7.11233e-08 7.11233e-08 7.11233e-08 7.11233e-08 7.11233e-08 7.11233e-08 7.11233e-08 7.11233e-08 7.11233e-08 7.11233e-08
7.05051e-08 7.05051e-08 7.05051e-08 7.05051e-08 7.05051e-08 7.05051e-08 7.05051e-08 7.05051e-08 7.05051e-08 7.05051e-08
6.98863e-08 6.98863e-08 6.98863e-08 6.98863e-08 6.98863e-08 6.98863e-08 6.98863e-08 6.98863e-08 6.98863e-08 6.98863e-08
 
 final output
1.56989e-08 1.56989e-08 1.56989e-08 1.56989e-08 1.56989e-08
3.51075e-09 3.51075e-09 3.51075e-09 3.51075e-09 3.51075e-09
1.4384e-09 1.4384e-09 1.4384e-09 1.4384e-09 1.4384e-09
1.08383e-09 1.08383e-09 1.08383e-09 1.08383e-09 1.08383e-09
1.0178e-09 1.0178e-09 1.0178e-09 1.0178e-09 1.0178e-09
