552 552 552 552 552 552 552 552 552 552 552 552 552 552 552 552 552 552 552 552 552 552 552 552 552 552 552 552
600 600 600 600 600 600 600 600 600 600 600 600 600 600 600 600 600 600 600 600 600 600 600 600 600 600 600 600
648 648 648 648 648 648 648 648 648 648 648 648 648 648 648 648 648 648 648 648 648 648 648 648 648 648 648 648
696 696 696 696 696 696 696 696 696 696 696 696 696 696 696 696 696 696 696 696 696 696 696 696 696 696 696 696
744 744 744 744 744 744 744 744 744 744 744 744 744 744 744 744 744 744 744 744 744 744 744 744 744 744 744 744
792 792 792 792 792 792 792 792 792 792 792 792 792 792 792 792 792 792 792 792 792 792 792 792 792 792 792 792
840 840 840 840 840 840 840 840 840 840 840 840 840 840 840 840 840 840 840 840 840 840 840 840 840 840 840 840
888 888 888 888 888 888 888 888 888 888 888 888 888 888 888 888 888 888 888 888 888 888 888 888 888 888 888 888
936 936 936 936 936 936 936 936 936 936 936 936 936 936 936 936 936 936 936 936 936 936 936 936 936 936 936 936
984 984 984 984 984 984 984 984 984 984 984 984 984 984 984 984 984 984 984 984 984 984 984 984 984 984 984 984
1032 1032 1032 1032 1032 1032 1032 1032 1032 1032 1032 1032 1032 1032 1032 1032 1032 1032 1032 1032 1032 1032 1032 1032 1032 1032 1032 1032
1080 1080 1080 1080 1080 1080 1080 1080 1080 1080 1080 1080 1080 1080 1080 1080 1080 1080 1080 1080 1080 1080 1080 1080 1080 1080 1080 1080
1128 1128 1128 1128 1128 1128 1128 1128 1128 1128 1128 1128 1128 1128 1128 1128 1128 1128 1128 1128 1128 1128 1128 1128 1128 1128 1128 1128
1176 1176 1176 1176 1176 1176 1176 1176 1176 1176 1176 1176 1176 1176 1176 1176 1176 1176 1176 1176 1176 1176 1176 1176 1176 1176 1176 1176
1224 1224 1224 1224 1224 1224 1224 1224 1224 1224 1224 1224 1224 1224 1224 1224 1224 1224 1224 1224 1224 1224 1224 1224 1224 1224 1224 1224
1272 1272 1272 1272 1272 1272 1272 1272 1272 1272 1272 1272 1272 1272 1272 1272 1272 1272 1272 1272 1272 1272 1272 1272 1272 1272 1272 1272
1320 1320 1320 1320 1320 1320 1320 1320 1320 1320 1320 1320 1320 1320 1320 1320 1320 1320 1320 1320 1320 1320 1320 1320 1320 1320 1320 1320
1368 1368 1368 1368 1368 1368 1368 1368 1368 1368 1368 1368 1368 1368 1368 1368 1368 1368 1368 1368 1368 1368 1368 1368 1368 1368 1368 1368
1416 1416 1416 1416 1416 1416 1416 1416 1416 1416 1416 1416 1416 1416 1416 1416 1416 1416 1416 1416 1416 1416 1416 1416 1416 1416 1416 1416
1464 1464 1464 1464 1464 1464 1464 1464 1464 1464 1464 1464 1464 1464 1464 1464 1464 1464 1464 1464 1464 1464 1464 1464 1464 1464 1464 1464
1512 1512 1512 1512 1512 1512 1512 1512 1512 1512 1512 1512 1512 1512 1512 1512 1512 1512 1512 1512 1512 1512 1512 1512 1512 1512 1512 1512
1560 1560 1560 1560 1560 1560 1560 1560 1560 1560 1560 1560 1560 1560 1560 1560 1560 1560 1560 1560 1560 1560 1560 1560 1560 1560 1560 1560
1608 1608 1608 1608 1608 1608 1608 1608 1608 1608 1608 1608 1608 1608 1608 1608 1608 1608 1608 1608 1608 1608 1608 1608 1608 1608 1608 1608
1656 1656 1656 1656 1656 1656 1656 1656 1656 1656 1656 1656 1656 1656 1656 1656 1656 1656 1656 1656 1656 1656 1656 1656 1656 1656 1656 1656
1704 1704 1704 1704 1704 1704 1704 1704 1704 1704 1704 1704 1704 1704 1704 1704 1704 1704 1704 1704 1704 1704 1704 1704 1704 1704 1704 1704
1752 1752 1752 1752 1752 1752 1752 1752 1752 1752 1752 1752 1752 1752 1752 1752 1752 1752 1752 1752 1752 1752 1752 1752 1752 1752 1752 1752
1800 1800 1800 1800 1800 1800 1800 1800 1800 1800 1800 1800 1800 1800 1800 1800 1800 1800 1800 1800 1800 1800 1800 1800 1800 1800 1800 1800
1848 1848 1848 1848 1848 1848 1848 1848 1848 1848 1848 1848 1848 1848 1848 1848 1848 1848 1848 1848 1848 1848 1848 1848 1848 1848 1848 1848
552 552 552 552 552 552 552 552 552 552 552 552 552 552 552 552 552 552 552 552 552 552 552 552 552 552 552 552
600 600 600 600 600 600 600 600 600 600 600 600 600 600 600 600 600 600 600 600 600 600 600 600 600 600 600 600
648 648 648 648 648 648 648 648 648 648 648 648 648 648 648 648 648 648 648 648 648 648 648 648 648 648 648 648
696 696 696 696 696 696 696 696 696 696 696 696 696 696 696 696 696 696 696 696 696 696 696 696 696 696 696 696
744 744 744 744 744 744 744 744 744 744 744 744 744 744 744 744 744 744 744 744 744 744 744 744 744 744 744 744
792 792 792 792 792 792 792 792 792 792 792 792 792 792 792 792 792 792 792 792 792 792 792 792 792 792 792 792
840 840 840 840 840 840 840 840 840 840 840 840 840 840 840 840 840 840 840 840 840 840 840 840 840 840 840 840
888 888 888 888 888 888 888 888 888 888 888 888 888 888 888 888 888 888 888 888 888 888 888 888 888 888 888 888
936 936 936 936 936 936 936 936 936 936 936 936 936 936 936 936 936 936 936 936 936 936 936 936 936 936 936 936
984 984 984 984 984 984 984 984 984 984 984 984 984 984 984 984 984 984 984 984 984 984 984 984 984 984 984 984
1032 1032 1032 1032 1032 1032 1032 1032 1032 1032 1032 1032 1032 1032 1032 1032 1032 1032 1032 1032 1032 1032 1032 1032 1032 1032 1032 1032
1080 1080 1080 1080 1080 1080 1080 1080 1080 1080 1080 1080 1080 1080 1080 1080 1080 1080 1080 1080 1080 1080 1080 1080 1080 1080 1080 1080
1128 1128 1128 1128 1128 1128 1128 1128 1128 1128 1128 1128 1128 1128 1128 1128 1128 1128 1128 1128 1128 1128 1128 1128 1128 1128 1128 1128
1176 1176 1176 1176 1176 1176 1176 1176 1176 1176 1176 1176 1176 1176 1176 1176 1176 1176 1176 1176 1176 1176 1176 1176 1176 1176 1176 1176
1224 1224 1224 1224 1224 1224 1224 1224 1224 1224 1224 1224 1224 1224 1224 1224 1224 1224 1224 1224 1224 1224 1224 1224 1224 1224 1224 1224
1272 1272 1272 1272 1272 1272 1272 1272 1272 1272 1272 1272 1272 1272 1272 1272 1272 1272 1272 1272 1272 1272 1272 1272 1272 1272 1272 1272
1320 1320 1320 1320 1320 1320 1320 1320 1320 1320 1320 1320 1320 1320 1320 1320 1320 1320 1320 1320 1320 1320 1320 1320 1320 1320 1320 1320
1368 1368 1368 1368 1368 1368 1368 1368 1368 1368 1368 1368 1368 1368 1368 1368 1368 1368 1368 1368 1368 1368 1368 1368 1368 1368 1368 1368
1416 1416 1416 1416 1416 1416 1416 1416 1416 1416 1416 1416 1416 1416 1416 1416 1416 1416 1416 1416 1416 1416 1416 1416 1416 1416 1416 1416
1464 1464 1464 1464 1464 1464 1464 1464 1464 1464 1464 1464 1464 1464 1464 1464 1464 1464 1464 1464 1464 1464 1464 1464 1464 1464 1464 1464
1512 1512 1512 1512 1512 1512 1512 1512 1512 1512 1512 1512 1512 1512 1512 1512 1512 1512 1512 1512 1512 1512 1512 1512 1512 1512 1512 1512
1560 1560 1560 1560 1560 1560 1560 1560 1560 1560 1560 1560 1560 1560 1560 1560 1560 1560 1560 1560 1560 1560 1560 1560 1560 1560 1560 1560
1608 1608 1608 1608 1608 1608 1608 1608 1608 1608 1608 1608 1608 1608 1608 1608 1608 1608 1608 1608 1608 1608 1608 1608 1608 1608 1608 1608
1656 1656 1656 1656 1656 1656 1656 1656 1656 1656 1656 1656 1656 1656 1656 1656 1656 1656 1656 1656 1656 1656 1656 1656 1656 1656 1656 1656
1704 1704 1704 1704 1704 1704 1704 1704 1704 1704 1704 1704 1704 1704 1704 1704 1704 1704 1704 1704 1704 1704 1704 1704 1704 1704 1704 1704
1752 1752 1752 1752 1752 1752 1752 1752 1752 1752 1752 1752 1752 1752 1752 1752 1752 1752 1752 1752 1752 1752 1752 1752 1752 1752 1752 1752
1800 1800 1800 1800 1800 1800 1800 1800 1800 1800 1800 1800 1800 1800 1800 1800 1800 1800 1800 1800 1800 1800 1800 1800 1800 1800 1800 1800
1848 1848 1848 1848 1848 1848 1848 1848 1848 1848 1848 1848 1848 1848 1848 1848 1848 1848 1848 1848 1848 1848 1848 1848 1848 1848 1848 1848
552 552 552 552 552 552 552 552 552 552 552 552 552 552 552 552 552 552 552 552 552 552 552 552 552 552 552 552
600 600 600 600 600 600 600 600 600 600 600 600 600 600 600 600 600 600 600 600 600 600 600 600 600 600 600 600
648 648 648 648 648 648 648 648 648 648 648 648 648 648 648 648 648 648 648 648 648 648 648 648 648 648 648 648
696 696 696 696 696 696 696 696 696 696 696 696 696 696 696 696 696 696 696 696 696 696 696 696 696 696 696 696
744 744 744 744 744 744 744 744 744 744 744 744 744 744 744 744 744 744 744 744 744 744 744 744 744 744 744 744
792 792 792 792 792 792 792 792 792 792 792 792 792 792 792 792 792 792 792 792 792 792 792 792 792 792 792 792
840 840 840 840 840 840 840 840 840 840 840 840 840 840 840 840 840 840 840 840 840 840 840 840 840 840 840 840
888 888 888 888 888 888 888 888 888 888 888 888 888 888 888 888 888 888 888 888 888 888 888 888 888 888 888 888
936 936 936 936 936 936 936 936 936 936 936 936 936 936 936 936 936 936 936 936 936 936 936 936 936 936 936 936
984 984 984 984 984 984 984 984 984 984 984 984 984 984 984 984 984 984 984 984 984 984 984 984 984 984 984 984
1032 1032 1032 1032 1032 1032 1032 1032 1032 1032 1032 1032 1032 1032 1032 1032 1032 1032 1032 1032 1032 1032 1032 1032 1032 1032 1032 1032
1080 1080 1080 1080 1080 1080 1080 1080 1080 1080 1080 1080 1080 1080 1080 1080 1080 1080 1080 1080 1080 1080 1080 1080 1080 1080 1080 1080
1128 1128 1128 1128 1128 1128 1128 1128 1128 1128 1128 1128 1128 1128 1128 1128 1128 1128 1128 1128 1128 1128 1128 1128 1128 1128 1128 1128
1176 1176 1176 1176 1176 1176 1176 1176 1176 1176 1176 1176 1176 1176 1176 1176 1176 1176 1176 1176 1176 1176 1176 1176 1176 1176 1176 1176
1224 1224 1224 1224 1224 1224 1224 1224 1224 1224 1224 1224 1224 1224 1224 1224 1224 1224 1224 1224 1224 1224 1224 1224 1224 1224 1224 1224
1272 1272 1272 1272 1272 1272 1272 1272 1272 1272 1272 1272 1272 1272 1272 1272 1272 1272 1272 1272 1272 1272 1272 1272 1272 1272 1272 1272
1320 1320 1320 1320 1320 1320 1320 1320 1320 1320 1320 1320 1320 1320 1320 1320 1320 1320 1320 1320 1320 1320 1320 1320 1320 1320 1320 1320
1368 1368 1368 1368 1368 1368 1368 1368 1368 1368 1368 1368 1368 1368 1368 1368 1368 1368 1368 1368 1368 1368 1368 1368 1368 1368 1368 1368
1416 1416 1416 1416 1416 1416 1416 1416 1416 1416 1416 1416 1416 1416 1416 1416 1416 1416 1416 1416 1416 1416 1416 1416 1416 1416 1416 1416
1464 1464 1464 1464 1464 1464 1464 1464 1464 1464 1464 1464 1464 1464 1464 1464 1464 1464 1464 1464 1464 1464 1464 1464 1464 1464 1464 1464
1512 1512 1512 1512 1512 1512 1512 1512 1512 1512 1512 1512 1512 1512 1512 1512 1512 1512 1512 1512 1512 1512 1512 1512 1512 1512 1512 1512
1560 1560 1560 1560 1560 1560 1560 1560 1560 1560 1560 1560 1560 1560 1560 1560 1560 1560 1560 1560 1560 1560 1560 1560 1560 1560 1560 1560
1608 1608 1608 1608 1608 1608 1608 1608 1608 1608 1608 1608 1608 1608 1608 1608 1608 1608 1608 1608 1608 1608 1608 1608 1608 1608 1608 1608
1656 1656 1656 1656 1656 1656 1656 1656 1656 1656 1656 1656 1656 1656 1656 1656 1656 1656 1656 1656 1656 1656 1656 1656 1656 1656 1656 1656
1704 1704 1704 1704 1704 1704 1704 1704 1704 1704 1704 1704 1704 1704 1704 1704 1704 1704 1704 1704 1704 1704 1704 1704 1704 1704 1704 1704
1752 1752 1752 1752 1752 1752 1752 1752 1752 1752 1752 1752 1752 1752 1752 1752 1752 1752 1752 1752 1752 1752 1752 1752 1752 1752 1752 1752
1800 1800 1800 1800 1800 1800 1800 1800 1800 1800 1800 1800 1800 1800 1800 1800 1800 1800 1800 1800 1800 1800 1800 1800 1800 1800 1800 1800
1848 1848 1848 1848 1848 1848 1848 1848 1848 1848 1848 1848 1848 1848 1848 1848 1848 1848 1848 1848 1848 1848 1848 1848 1848 1848 1848 1848
552 552 552 552 552 552 552 552 552 552 552 552 552 552 552 552 552 552 552 552 552 552 552 552 552 552 552 552
600 600 600 600 600 600 600 600 600 600 600 600 600 600 600 600 600 600 600 600 600 600 600 600 600 600 600 600
648 648 648 648 648 648 648 648 648 648 648 648 648 648 648 648 648 648 648 648 648 648 648 648 648 648 648 648
696 696 696 696 696 696 696 696 696 696 696 696 696 696 696 696 696 696 696 696 696 696 696 696 696 696 696 696
744 744 744 744 744 744 744 744 744 744 744 744 744 744 744 744 744 744 744 744 744 744 744 744 744 744 744 744
792 792 792 792 792 792 792 792 792 792 792 792 792 792 792 792 792 792 792 792 792 792 792 792 792 792 792 792
840 840 840 840 840 840 840 840 840 840 840 840 840 840 840 840 840 840 840 840 840 840 840 840 840 840 840 840
888 888 888 888 888 888 888 888 888 888 888 888 888 888 888 888 888 888 888 888 888 888 888 888 888 888 888 888
936 936 936 936 936 936 936 936 936 936 936 936 936 936 936 936 936 936 936 936 936 936 936 936 936 936 936 936
984 984 984 984 984 984 984 984 984 984 984 984 984 984 984 984 984 984 984 984 984 984 984 984 984 984 984 984
1032 1032 1032 1032 1032 1032 1032 1032 1032 1032 1032 1032 1032 1032 1032 1032 1032 1032 1032 1032 1032 1032 1032 1032 1032 1032 1032 1032
1080 1080 1080 1080 1080 1080 1080 1080 1080 1080 1080 1080 1080 1080 1080 1080 1080 1080 1080 1080 1080 1080 1080 1080 1080 1080 1080 1080
1128 1128 1128 1128 1128 1128 1128 1128 1128 1128 1128 1128 1128 1128 1128 1128 1128 1128 1128 1128 1128 1128 1128 1128 1128 1128 1128 1128
1176 1176 1176 1176 1176 1176 1176 1176 1176 1176 1176 1176 1176 1176 1176 1176 1176 1176 1176 1176 1176 1176 1176 1176 1176 1176 1176 1176
1224 1224 1224 1224 1224 1224 1224 1224 1224 1224 1224 1224 1224 1224 1224 1224 1224 1224 1224 1224 1224 1224 1224 1224 1224 1224 1224 1224
1272 1272 1272 1272 1272 1272 1272 1272 1272 1272 1272 1272 1272 1272 1272 1272 1272 1272 1272 1272 1272 1272 1272 1272 1272 1272 1272 1272
1320 1320 1320 1320 1320 1320 1320 1320 1320 1320 1320 1320 1320 1320 1320 1320 1320 1320 1320 1320 1320 1320 1320 1320 1320 1320 1320 1320
1368 1368 1368 1368 1368 1368 1368 1368 1368 1368 1368 1368 1368 1368 1368 1368 1368 1368 1368 1368 1368 1368 1368 1368 1368 1368 1368 1368
1416 1416 1416 1416 1416 1416 1416 1416 1416 1416 1416 1416 1416 1416 1416 1416 1416 1416 1416 1416 1416 1416 1416 1416 1416 1416 1416 1416
1464 1464 1464 1464 1464 1464 1464 1464 1464 1464 1464 1464 1464 1464 1464 1464 1464 1464 1464 1464 1464 1464 1464 1464 1464 1464 1464 1464
1512 1512 1512 1512 1512 1512 1512 1512 1512 1512 1512 1512 1512 1512 1512 1512 1512 1512 1512 1512 1512 1512 1512 1512 1512 1512 1512 1512
1560 1560 1560 1560 1560 1560 1560 1560 1560 1560 1560 1560 1560 1560 1560 1560 1560 1560 1560 1560 1560 1560 1560 1560 1560 1560 1560 1560
1608 1608 1608 1608 1608 1608 1608 1608 1608 1608 1608 1608 1608 1608 1608 1608 1608 1608 1608 1608 1608 1608 1608 1608 1608 1608 1608 1608
1656 1656 1656 1656 1656 1656 1656 1656 1656 1656 1656 1656 1656 1656 1656 1656 1656 1656 1656 1656 1656 1656 1656 1656 1656 1656 1656 1656
1704 1704 1704 1704 1704 1704 1704 1704 1704 1704 1704 1704 1704 1704 1704 1704 1704 1704 1704 1704 1704 1704 1704 1704 1704 1704 1704 1704
1752 1752 1752 1752 1752 1752 1752 1752 1752 1752 1752 1752 1752 1752 1752 1752 1752 1752 1752 1752 1752 1752 1752 1752 1752 1752 1752 1752
1800 1800 1800 1800 1800 1800 1800 1800 1800 1800 1800 1800 1800 1800 1800 1800 1800 1800 1800 1800 1800 1800 1800 1800 1800 1800 1800 1800
1848 1848 1848 1848 1848 1848 1848 1848 1848 1848 1848 1848 1848 1848 1848 1848 1848 1848 1848 1848 1848 1848 1848 1848 1848 1848 1848 1848
552 552 552 552 552 552 552 552 552 552 552 552 552 552 552 552 552 552 552 552 552 552 552 552 552 552 552 552
600 600 600 600 600 600 600 600 600 600 600 600 600 600 600 600 600 600 600 600 600 600 600 600 600 600 600 600
648 648 648 648 648 648 648 648 648 648 648 648 648 648 648 648 648 648 648 648 648 648 648 648 648 648 648 648
696 696 696 696 696 696 696 696 696 696 696 696 696 696 696 696 696 696 696 696 696 696 696 696 696 696 696 696
744 744 744 744 744 744 744 744 744 744 744 744 744 744 744 744 744 744 744 744 744 744 744 744 744 744 744 744
792 792 792 792 792 792 792 792 792 792 792 792 792 792 792 792 792 792 792 792 792 792 792 792 792 792 792 792
840 840 840 840 840 840 840 840 840 840 840 840 840 840 840 840 840 840 840 840 840 840 840 840 840 840 840 840
888 888 888 888 888 888 888 888 888 888 888 888 888 888 888 888 888 888 888 888 888 888 888 888 888 888 888 888
936 936 936 936 936 936 936 936 936 936 936 936 936 936 936 936 936 936 936 936 936 936 936 936 936 936 936 936
984 984 984 984 984 984 984 984 984 984 984 984 984 984 984 984 984 984 984 984 984 984 984 984 984 984 984 984
1032 1032 1032 1032 1032 1032 1032 1032 1032 1032 1032 1032 1032 1032 1032 1032 1032 1032 1032 1032 1032 1032 1032 1032 1032 1032 1032 1032
1080 1080 1080 1080 1080 1080 1080 1080 1080 1080 1080 1080 1080 1080 1080 1080 1080 1080 1080 1080 1080 1080 1080 1080 1080 1080 1080 1080
1128 1128 1128 1128 1128 1128 1128 1128 1128 1128 1128 1128 1128 1128 1128 1128 1128 1128 1128 1128 1128 1128 1128 1128 1128 1128 1128 1128
1176 1176 1176 1176 1176 1176 1176 1176 1176 1176 1176 1176 1176 1176 1176 1176 1176 1176 1176 1176 1176 1176 1176 1176 1176 1176 1176 1176
1224 1224 1224 1224 1224 1224 1224 1224 1224 1224 1224 1224 1224 1224 1224 1224 1224 1224 1224 1224 1224 1224 1224 1224 1224 1224 1224 1224
1272 1272 1272 1272 1272 1272 1272 1272 1272 1272 1272 1272 1272 1272 1272 1272 1272 1272 1272 1272 1272 1272 1272 1272 1272 1272 1272 1272
1320 1320 1320 1320 1320 1320 1320 1320 1320 1320 1320 1320 1320 1320 1320 1320 1320 1320 1320 1320 1320 1320 1320 1320 1320 1320 1320 1320
1368 1368 1368 1368 1368 1368 1368 1368 1368 1368 1368 1368 1368 1368 1368 1368 1368 1368 1368 1368 1368 1368 1368 1368 1368 1368 1368 1368
1416 1416 1416 1416 1416 1416 1416 1416 1416 1416 1416 1416 1416 1416 1416 1416 1416 1416 1416 1416 1416 1416 1416 1416 1416 1416 1416 1416
1464 1464 1464 1464 1464 1464 1464 1464 1464 1464 1464 1464 1464 1464 1464 1464 1464 1464 1464 1464 1464 1464 1464 1464 1464 1464 1464 1464
1512 1512 1512 1512 1512 1512 1512 1512 1512 1512 1512 1512 1512 1512 1512 1512 1512 1512 1512 1512 1512 1512 1512 1512 1512 1512 1512 1512
1560 1560 1560 1560 1560 1560 1560 1560 1560 1560 1560 1560 1560 1560 1560 1560 1560 1560 1560 1560 1560 1560 1560 1560 1560 1560 1560 1560
1608 1608 1608 1608 1608 1608 1608 1608 1608 1608 1608 1608 1608 1608 1608 1608 1608 1608 1608 1608 1608 1608 1608 1608 1608 1608 1608 1608
1656 1656 1656 1656 1656 1656 1656 1656 1656 1656 1656 1656 1656 1656 1656 1656 1656 1656 1656 1656 1656 1656 1656 1656 1656 1656 1656 1656
1704 1704 1704 1704 1704 1704 1704 1704 1704 1704 1704 1704 1704 1704 1704 1704 1704 1704 1704 1704 1704 1704 1704 1704 1704 1704 1704 1704
1752 1752 1752 1752 1752 1752 1752 1752 1752 1752 1752 1752 1752 1752 1752 1752 1752 1752 1752 1752 1752 1752 1752 1752 1752 1752 1752 1752
1800 1800 1800 1800 1800 1800 1800 1800 1800 1800 1800 1800 1800 1800 1800 1800 1800 1800 1800 1800 1800 1800 1800 1800 1800 1800 1800 1800
1848 1848 1848 1848 1848 1848 1848 1848 1848 1848 1848 1848 1848 1848 1848 1848 1848 1848 1848 1848 1848 1848 1848 1848 1848 1848 1848 1848
552 552 552 552 552 552 552 552 552 552 552 552 552 552 552 552 552 552 552 552 552 552 552 552 552 552 552 552
600 600 600 600 600 600 600 600 600 600 600 600 600 600 600 600 600 600 600 600 600 600 600 600 600 600 600 600
648 648 648 648 648 648 648 648 648 648 648 648 648 648 648 648 648 648 648 648 648 648 648 648 648 648 648 648
696 696 696 696 696 696 696 696 696 696 696 696 696 696 696 696 696 696 696 696 696 696 696 696 696 696 696 696
744 744 744 744 744 744 744 744 744 744 744 744 744 744 744 744 744 744 744 744 744 744 744 744 744 744 744 744
792 792 792 792 792 792 792 792 792 792 792 792 792 792 792 792 792 792 792 792 792 792 792 792 792 792 792 792
840 840 840 840 840 840 840 840 840 840 840 840 840 840 840 840 840 840 840 840 840 840 840 840 840 840 840 840
888 888 888 888 888 888 888 888 888 888 888 888 888 888 888 888 888 888 888 888 888 888 888 888 888 888 888 888
936 936 936 936 936 936 936 936 936 936 936 936 936 936 936 936 936 936 936 936 936 936 936 936 936 936 936 936
984 984 984 984 984 984 984 984 984 984 984 984 984 984 984 984 984 984 984 984 984 984 984 984 984 984 984 984
1032 1032 1032 1032 1032 1032 1032 1032 1032 1032 1032 1032 1032 1032 1032 1032 1032 1032 1032 1032 1032 1032 1032 1032 1032 1032 1032 1032
1080 1080 1080 1080 1080 1080 1080 1080 1080 1080 1080 1080 1080 1080 1080 1080 1080 1080 1080 1080 1080 1080 1080 1080 1080 1080 1080 1080
1128 1128 1128 1128 1128 1128 1128 1128 1128 1128 1128 1128 1128 1128 1128 1128 1128 1128 1128 1128 1128 1128 1128 1128 1128 1128 1128 1128
1176 1176 1176 1176 1176 1176 1176 1176 1176 1176 1176 1176 1176 1176 1176 1176 1176 1176 1176 1176 1176 1176 1176 1176 1176 1176 1176 1176
1224 1224 1224 1224 1224 1224 1224 1224 1224 1224 1224 1224 1224 1224 1224 1224 1224 1224 1224 1224 1224 1224 1224 1224 1224 1224 1224 1224
1272 1272 1272 1272 1272 1272 1272 1272 1272 1272 1272 1272 1272 1272 1272 1272 1272 1272 1272 1272 1272 1272 1272 1272 1272 1272 1272 1272
1320 1320 1320 1320 1320 1320 1320 1320 1320 1320 1320 1320 1320 1320 1320 1320 1320 1320 1320 1320 1320 1320 1320 1320 1320 1320 1320 1320
1368 1368 1368 1368 1368 1368 1368 1368 1368 1368 1368 1368 1368 1368 1368 1368 1368 1368 1368 1368 1368 1368 1368 1368 1368 1368 1368 1368
1416 1416 1416 1416 1416 1416 1416 1416 1416 1416 1416 1416 1416 1416 1416 1416 1416 1416 1416 1416 1416 1416 1416 1416 1416 1416 1416 1416
1464 1464 1464 1464 1464 1464 1464 1464 1464 1464 1464 1464 1464 1464 1464 1464 1464 1464 1464 1464 1464 1464 1464 1464 1464 1464 1464 1464
1512 1512 1512 1512 1512 1512 1512 1512 1512 1512 1512 1512 1512 1512 1512 1512 1512 1512 1512 1512 1512 1512 1512 1512 1512 1512 1512 1512
1560 1560 1560 1560 1560 1560 1560 1560 1560 1560 1560 1560 1560 1560 1560 1560 1560 1560 1560 1560 1560 1560 1560 1560 1560 1560 1560 1560
1608 1608 1608 1608 1608 1608 1608 1608 1608 1608 1608 1608 1608 1608 1608 1608 1608 1608 1608 1608 1608 1608 1608 1608 1608 1608 1608 1608
1656 1656 1656 1656 1656 1656 1656 1656 1656 1656 1656 1656 1656 1656 1656 1656 1656 1656 1656 1656 1656 1656 1656 1656 1656 1656 1656 1656
1704 1704 1704 1704 1704 1704 1704 1704 1704 1704 1704 1704 1704 1704 1704 1704 1704 1704 1704 1704 1704 1704 1704 1704 1704 1704 1704 1704
1752 1752 1752 1752 1752 1752 1752 1752 1752 1752 1752 1752 1752 1752 1752 1752 1752 1752 1752 1752 1752 1752 1752 1752 1752 1752 1752 1752
1800 1800 1800 1800 1800 1800 1800 1800 1800 1800 1800 1800 1800 1800 1800 1800 1800 1800 1800 1800 1800 1800 1800 1800 1800 1800 1800 1800
1848 1848 1848 1848 1848 1848 1848 1848 1848 1848 1848 1848 1848 1848 1848 1848 1848 1848 1848 1848 1848 1848 1848 1848 1848 1848 1848 1848
552 552 552 552 552 552 552 552 552 552 552 552 552 552 552 552 552 552 552 552 552 552 552 552 552 552 552 552
600 600 600 600 600 600 600 600 600 600 600 600 600 600 600 600 600 600 600 600 600 600 600 600 600 600 600 600
648 648 648 648 648 648 648 648 648 648 648 648 648 648 648 648 648 648 648 648 648 648 648 648 648 648 648 648
696 696 696 696 696 696 696 696 696 696 696 696 696 696 696 696 696 696 696 696 696 696 696 696 696 696 696 696
744 744 744 744 744 744 744 744 744 744 744 744 744 744 744 744 744 744 744 744 744 744 744 744 744 744 744 744
792 792 792 792 792 792 792 792 792 792 792 792 792 792 792 792 792 792 792 792 792 792 792 792 792 792 792 792
840 840 840 840 840 840 840 840 840 840 840 840 840 840 840 840 840 840 840 840 840 840 840 840 840 840 840 840
888 888 888 888 888 888 888 888 888 888 888 888 888 888 888 888 888 888 888 888 888 888 888 888 888 888 888 888
936 936 936 936 936 936 936 936 936 936 936 936 936 936 936 936 936 936 936 936 936 936 936 936 936 936 936 936
984 984 984 984 984 984 984 984 984 984 984 984 984 984 984 984 984 984 984 984 984 984 984 984 984 984 984 984
1032 1032 1032 1032 1032 1032 1032 1032 1032 1032 1032 1032 1032 1032 1032 1032 1032 1032 1032 1032 1032 1032 1032 1032 1032 1032 1032 1032
1080 1080 1080 1080 1080 1080 1080 1080 1080 1080 1080 1080 1080 1080 1080 1080 1080 1080 1080 1080 1080 1080 1080 1080 1080 1080 1080 1080
1128 1128 1128 1128 1128 1128 1128 1128 1128 1128 1128 1128 1128 1128 1128 1128 1128 1128 1128 1128 1128 1128 1128 1128 1128 1128 1128 1128
1176 1176 1176 1176 1176 1176 1176 1176 1176 1176 1176 1176 1176 1176 1176 1176 1176 1176 1176 1176 1176 1176 1176 1176 1176 1176 1176 1176
1224 1224 1224 1224 1224 1224 1224 1224 1224 1224 1224 1224 1224 1224 1224 1224 1224 1224 1224 1224 1224 1224 1224 1224 1224 1224 1224 1224
1272 1272 1272 1272 1272 1272 1272 1272 1272 1272 1272 1272 1272 1272 1272 1272 1272 1272 1272 1272 1272 1272 1272 1272 1272 1272 1272 1272
1320 1320 1320 1320 1320 1320 1320 1320 1320 1320 1320 1320 1320 1320 1320 1320 1320 1320 1320 1320 1320 1320 1320 1320 1320 1320 1320 1320
1368 1368 1368 1368 1368 1368 1368 1368 1368 1368 1368 1368 1368 1368 1368 1368 1368 1368 1368 1368 1368 1368 1368 1368 1368 1368 1368 1368
1416 1416 1416 1416 1416 1416 1416 1416 1416 1416 1416 1416 1416 1416 1416 1416 1416 1416 1416 1416 1416 1416 1416 1416 1416 1416 1416 1416
1464 1464 1464 1464 1464 1464 1464 1464 1464 1464 1464 1464 1464 1464 1464 1464 1464 1464 1464 1464 1464 1464 1464 1464 1464 1464 1464 1464
1512 1512 1512 1512 1512 1512 1512 1512 1512 1512 1512 1512 1512 1512 1512 1512 1512 1512 1512 1512 1512 1512 1512 1512 1512 1512 1512 1512
1560 1560 1560 1560 1560 1560 1560 1560 1560 1560 1560 1560 1560 1560 1560 1560 1560 1560 1560 1560 1560 1560 1560 1560 1560 1560 1560 1560
1608 1608 1608 1608 1608 1608 1608 1608 1608 1608 1608 1608 1608 1608 1608 1608 1608 1608 1608 1608 1608 1608 1608 1608 1608 1608 1608 1608
1656 1656 1656 1656 1656 1656 1656 1656 1656 1656 1656 1656 1656 1656 1656 1656 1656 1656 1656 1656 1656 1656 1656 1656 1656 1656 1656 1656
1704 1704 1704 1704 1704 1704 1704 1704 1704 1704 1704 1704 1704 1704 1704 1704 1704 1704 1704 1704 1704 1704 1704 1704 1704 1704 1704 1704
1752 1752 1752 1752 1752 1752 1752 1752 1752 1752 1752 1752 1752 1752 1752 1752 1752 1752 1752 1752 1752 1752 1752 1752 1752 1752 1752 1752
1800 1800 1800 1800 1800 1800 1800 1800 1800 1800 1800 1800 1800 1800 1800 1800 1800 1800 1800 1800 1800 1800 1800 1800 1800 1800 1800 1800
1848 1848 1848 1848 1848 1848 1848 1848 1848 1848 1848 1848 1848 1848 1848 1848 1848 1848 1848 1848 1848 1848 1848 1848 1848 1848 1848 1848
552 552 552 552 552 552 552 552 552 552 552 552 552 552 552 552 552 552 552 552 552 552 552 552 552 552 552 552
600 600 600 600 600 600 600 600 600 600 600 600 600 600 600 600 600 600 600 600 600 600 600 600 600 600 600 600
648 648 648 648 648 648 648 648 648 648 648 648 648 648 648 648 648 648 648 648 648 648 648 648 648 648 648 648
696 696 696 696 696 696 696 696 696 696 696 696 696 696 696 696 696 696 696 696 696 696 696 696 696 696 696 696
744 744 744 744 744 744 744 744 744 744 744 744 744 744 744 744 744 744 744 744 744 744 744 744 744 744 744 744
792 792 792 792 792 792 792 792 792 792 792 792 792 792 792 792 792 792 792 792 792 792 792 792 792 792 792 792
840 840 840 840 840 840 840 840 840 840 840 840 840 840 840 840 840 840 840 840 840 840 840 840 840 840 840 840
888 888 888 888 888 888 888 888 888 888 888 888 888 888 888 888 888 888 888 888 888 888 888 888 888 888 888 888
936 936 936 936 936 936 936 936 936 936 936 936 936 936 936 936 936 936 936 936 936 936 936 936 936 936 936 936
984 984 984 984 984 984 984 984 984 984 984 984 984 984 984 984 984 984 984 984 984 984 984 984 984 984 984 984
1032 1032 1032 1032 1032 1032 1032 1032 1032 1032 1032 1032 1032 1032 1032 1032 1032 1032 1032 1032 1032 1032 1032 1032 1032 1032 1032 1032
1080 1080 1080 1080 1080 1080 1080 1080 1080 1080 1080 1080 1080 1080 1080 1080 1080 1080 1080 1080 1080 1080 1080 1080 1080 1080 1080 1080
1128 1128 1128 1128 1128 1128 1128 1128 1128 1128 1128 1128 1128 1128 1128 1128 1128 1128 1128 1128 1128 1128 1128 1128 1128 1128 1128 1128
1176 1176 1176 1176 1176 1176 1176 1176 1176 1176 1176 1176 1176 1176 1176 1176 1176 1176 1176 1176 1176 1176 1176 1176 1176 1176 1176 1176
1224 1224 1224 1224 1224 1224 1224 1224 1224 1224 1224 1224 1224 1224 1224 1224 1224 1224 1224 1224 1224 1224 1224 1224 1224 1224 1224 1224
1272 1272 1272 1272 1272 1272 1272 1272 1272 1272 1272 1272 1272 1272 1272 1272 1272 1272 1272 1272 1272 1272 1272 1272 1272 1272 1272 1272
1320 1320 1320 1320 1320 1320 1320 1320 1320 1320 1320 1320 1320 1320 1320 1320 1320 1320 1320 1320 1320 1320 1320 1320 1320 1320 1320 1320
1368 1368 1368 1368 1368 1368 1368 1368 1368 1368 1368 1368 1368 1368 1368 1368 1368 1368 1368 1368 1368 1368 1368 1368 1368 1368 1368 1368
1416 1416 1416 1416 1416 1416 1416 1416 1416 1416 1416 1416 1416 1416 1416 1416 1416 1416 1416 1416 1416 1416 1416 1416 1416 1416 1416 1416
1464 1464 1464 1464 1464 1464 1464 1464 1464 1464 1464 1464 1464 1464 1464 1464 1464 1464 1464 1464 1464 1464 1464 1464 1464 1464 1464 1464
1512 1512 1512 1512 1512 1512 1512 1512 1512 1512 1512 1512 1512 1512 1512 1512 1512 1512 1512 1512 1512 1512 1512 1512 1512 1512 1512 1512
1560 1560 1560 1560 1560 1560 1560 1560 1560 1560 1560 1560 1560 1560 1560 1560 1560 1560 1560 1560 1560 1560 1560 1560 1560 1560 1560 1560
1608 1608 1608 1608 1608 1608 1608 1608 1608 1608 1608 1608 1608 1608 1608 1608 1608 1608 1608 1608 1608 1608 1608 1608 1608 1608 1608 1608
1656 1656 1656 1656 1656 1656 1656 1656 1656 1656 1656 1656 1656 1656 1656 1656 1656 1656 1656 1656 1656 1656 1656 1656 1656 1656 1656 1656
1704 1704 1704 1704 1704 1704 1704 1704 1704 1704 1704 1704 1704 1704 1704 1704 1704 1704 1704 1704 1704 1704 1704 1704 1704 1704 1704 1704
1752 1752 1752 1752 1752 1752 1752 1752 1752 1752 1752 1752 1752 1752 1752 1752 1752 1752 1752 1752 1752 1752 1752 1752 1752 1752 1752 1752
1800 1800 1800 1800 1800 1800 1800 1800 1800 1800 1800 1800 1800 1800 1800 1800 1800 1800 1800 1800 1800 1800 1800 1800 1800 1800 1800 1800
1848 1848 1848 1848 1848 1848 1848 1848 1848 1848 1848 1848 1848 1848 1848 1848 1848 1848 1848 1848 1848 1848 1848 1848 1848 1848 1848 1848
552 552 552 552 552 552 552 552 552 552 552 552 552 552 552 552 552 552 552 552 552 552 552 552 552 552 552 552
600 600 600 600 600 600 600 600 600 600 600 600 600 600 600 600 600 600 600 600 600 600 600 600 600 600 600 600
648 648 648 648 648 648 648 648 648 648 648 648 648 648 648 648 648 648 648 648 648 648 648 648 648 648 648 648
696 696 696 696 696 696 696 696 696 696 696 696 696 696 696 696 696 696 696 696 696 696 696 696 696 696 696 696
744 744 744 744 744 744 744 744 744 744 744 744 744 744 744 744 744 744 744 744 744 744 744 744 744 744 744 744
792 792 792 792 792 792 792 792 792 792 792 792 792 792 792 792 792 792 792 792 792 792 792 792 792 792 792 792
840 840 840 840 840 840 840 840 840 840 840 840 840 840 840 840 840 840 840 840 840 840 840 840 840 840 840 840
888 888 888 888 888 888 888 888 888 888 888 888 888 888 888 888 888 888 888 888 888 888 888 888 888 888 888 888
936 936 936 936 936 936 936 936 936 936 936 936 936 936 936 936 936 936 936 936 936 936 936 936 936 936 936 936
984 984 984 984 984 984 984 984 984 984 984 984 984 984 984 984 984 984 984 984 984 984 984 984 984 984 984 984
1032 1032 1032 1032 1032 1032 1032 1032 1032 1032 1032 1032 1032 1032 1032 1032 1032 1032 1032 1032 1032 1032 1032 1032 1032 1032 1032 1032
1080 1080 1080 1080 1080 1080 1080 1080 1080 1080 1080 1080 1080 1080 1080 1080 1080 1080 1080 1080 1080 1080 1080 1080 1080 1080 1080 1080
1128 1128 1128 1128 1128 1128 1128 1128 1128 1128 1128 1128 1128 1128 1128 1128 1128 1128 1128 1128 1128 1128 1128 1128 1128 1128 1128 1128
1176 1176 1176 1176 1176 1176 1176 1176 1176 1176 1176 1176 1176 1176 1176 1176 1176 1176 1176 1176 1176 1176 1176 1176 1176 1176 1176 1176
1224 1224 1224 1224 1224 1224 1224 1224 1224 1224 1224 1224 1224 1224 1224 1224 1224 1224 1224 1224 1224 1224 1224 1224 1224 1224 1224 1224
1272 1272 1272 1272 1272 1272 1272 1272 1272 1272 1272 1272 1272 1272 1272 1272 1272 1272 1272 1272 1272 1272 1272 1272 1272 1272 1272 1272
1320 1320 1320 1320 1320 1320 1320 1320 1320 1320 1320 1320 1320 1320 1320 1320 1320 1320 1320 1320 1320 1320 1320 1320 1320 1320 1320 1320
1368 1368 1368 1368 1368 1368 1368 1368 1368 1368 1368 1368 1368 1368 1368 1368 1368 1368 1368 1368 1368 1368 1368 1368 1368 1368 1368 1368
1416 1416 1416 1416 1416 1416 1416 1416 1416 1416 1416 1416 1416 1416 1416 1416 1416 1416 1416 1416 1416 1416 1416 1416 1416 1416 1416 1416
1464 1464 1464 1464 1464 1464 1464 1464 1464 1464 1464 1464 1464 1464 1464 1464 1464 1464 1464 1464 1464 1464 1464 1464 1464 1464 1464 1464
1512 1512 1512 1512 1512 1512 1512 1512 1512 1512 1512 1512 1512 1512 1512 1512 1512 1512 1512 1512 1512 1512 1512 1512 1512 1512 1512 1512
1560 1560 1560 1560 1560 1560 1560 1560 1560 1560 1560 1560 1560 1560 1560 1560 1560 1560 1560 1560 1560 1560 1560 1560 1560 1560 1560 1560
1608 1608 1608 1608 1608 1608 1608 1608 1608 1608 1608 1608 1608 1608 1608 1608 1608 1608 1608 1608 1608 1608 1608 1608 1608 1608 1608 1608
1656 1656 1656 1656 1656 1656 1656 1656 1656 1656 1656 1656 1656 1656 1656 1656 1656 1656 1656 1656 1656 1656 1656 1656 1656 1656 1656 1656
1704 1704 1704 1704 1704 1704 1704 1704 1704 1704 1704 1704 1704 1704 1704 1704 1704 1704 1704 1704 1704 1704 1704 1704 1704 1704 1704 1704
1752 1752 1752 1752 1752 1752 1752 1752 1752 1752 1752 1752 1752 1752 1752 1752 1752 1752 1752 1752 1752 1752 1752 1752 1752 1752 1752 1752
1800 1800 1800 1800 1800 1800 1800 1800 1800 1800 1800 1800 1800 1800 1800 1800 1800 1800 1800 1800 1800 1800 1800 1800 1800 1800 1800 1800
1848 1848 1848 1848 1848 1848 1848 1848 1848 1848 1848 1848 1848 1848 1848 1848 1848 1848 1848 1848 1848 1848 1848 1848 1848 1848 1848 1848
552 552 552 552 552 552 552 552 552 552 552 552 552 552 552 552 552 552 552 552 552 552 552 552 552 552 552 552
600 600 600 600 600 600 600 600 600 600 600 600 600 600 600 600 600 600 600 600 600 600 600 600 600 600 600 600
648 648 648 648 648 648 648 648 648 648 648 648 648 648 648 648 648 648 648 648 648 648 648 648 648 648 648 648
696 696 696 696 696 696 696 696 696 696 696 696 696 696 696 696 696 696 696 696 696 696 696 696 696 696 696 696
744 744 744 744 744 744 744 744 744 744 744 744 744 744 744 744 744 744 744 744 744 744 744 744 744 744 744 744
792 792 792 792 792 792 792 792 792 792 792 792 792 792 792 792 792 792 792 792 792 792 792 792 792 792 792 792
840 840 840 840 840 840 840 840 840 840 840 840 840 840 840 840 840 840 840 840 840 840 840 840 840 840 840 840
888 888 888 888 888 888 888 888 888 888 888 888 888 888 888 888 888 888 888 888 888 888 888 888 888 888 888 888
936 936 936 936 936 936 936 936 936 936 936 936 936 936 936 936 936 936 936 936 936 936 936 936 936 936 936 936
984 984 984 984 984 984 984 984 984 984 984 984 984 984 984 984 984 984 984 984 984 984 984 984 984 984 984 984
1032 1032 1032 1032 1032 1032 1032 1032 1032 1032 1032 1032 1032 1032 1032 1032 1032 1032 1032 1032 1032 1032 1032 1032 1032 1032 1032 1032
1080 1080 1080 1080 1080 1080 1080 1080 1080 1080 1080 1080 1080 1080 1080 1080 1080 1080 1080 1080 1080 1080 1080 1080 1080 1080 1080 1080
1128 1128 1128 1128 1128 1128 1128 1128 1128 1128 1128 1128 1128 1128 1128 1128 1128 1128 1128 1128 1128 1128 1128 1128 1128 1128 1128 1128
1176 1176 1176 1176 1176 1176 1176 1176 1176 1176 1176 1176 1176 1176 1176 1176 1176 1176 1176 1176 1176 1176 1176 1176 1176 1176 1176 1176
1224 1224 1224 1224 1224 1224 1224 1224 1224 1224 1224 1224 1224 1224 1224 1224 1224 1224 1224 1224 1224 1224 1224 1224 1224 1224 1224 1224
1272 1272 1272 1272 1272 1272 1272 1272 1272 1272 1272 1272 1272 1272 1272 1272 1272 1272 1272 1272 1272 1272 1272 1272 1272 1272 1272 1272
1320 1320 1320 1320 1320 1320 1320 1320 1320 1320 1320 1320 1320 1320 1320 1320 1320 1320 1320 1320 1320 1320 1320 1320 1320 1320 1320 1320
1368 1368 1368 1368 1368 1368 1368 1368 1368 1368 1368 1368 1368 1368 1368 1368 1368 1368 1368 1368 1368 1368 1368 1368 1368 1368 1368 1368
1416 1416 1416 1416 1416 1416 1416 1416 1416 1416 1416 1416 1416 1416 1416 1416 1416 1416 1416 1416 1416 1416 1416 1416 1416 1416 1416 1416
1464 1464 1464 1464 1464 1464 1464 1464 1464 1464 1464 1464 1464 1464 1464 1464 1464 1464 1464 1464 1464 1464 1464 1464 1464 1464 1464 1464
1512 1512 1512 1512 1512 1512 1512 1512 1512 1512 1512 1512 1512 1512 1512 1512 1512 1512 1512 1512 1512 1512 1512 1512 1512 1512 1512 1512
1560 1560 1560 1560 1560 1560 1560 1560 1560 1560 1560 1560 1560 1560 1560 1560 1560 1560 1560 1560 1560 1560 1560 1560 1560 1560 1560 1560
1608 1608 1608 1608 1608 1608 1608 1608 1608 1608 1608 1608 1608 1608 1608 1608 1608 1608 1608 1608 1608 1608 1608 1608 1608 1608 1608 1608
1656 1656 1656 1656 1656 1656 1656 1656 1656 1656 1656 1656 1656 1656 1656 1656 1656 1656 1656 1656 1656 1656 1656 1656 1656 1656 1656 1656
1704 1704 1704 1704 1704 1704 1704 1704 1704 1704 1704 1704 1704 1704 1704 1704 1704 1704 1704 1704 1704 1704 1704 1704 1704 1704 1704 1704
1752 1752 1752 1752 1752 1752 1752 1752 1752 1752 1752 1752 1752 1752 1752 1752 1752 1752 1752 1752 1752 1752 1752 1752 1752 1752 1752 1752
1800 1800 1800 1800 1800 1800 1800 1800 1800 1800 1800 1800 1800 1800 1800 1800 1800 1800 1800 1800 1800 1800 1800 1800 1800 1800 1800 1800
1848 1848 1848 1848 1848 1848 1848 1848 1848 1848 1848 1848 1848 1848 1848 1848 1848 1848 1848 1848 1848 1848 1848 1848 1848 1848 1848 1848
552 552 552 552 552 552 552 552 552 552 552 552 552 552 552 552 552 552 552 552 552 552 552 552 552 552 552 552
600 600 600 600 600 600 600 600 600 600 600 600 600 600 600 600 600 600 600 600 600 600 600 600 600 600 600 600
648 648 648 648 648 648 648 648 648 648 648 648 648 648 648 648 648 648 648 648 648 648 648 648 648 648 648 648
696 696 696 696 696 696 696 696 696 696 696 696 696 696 696 696 696 696 696 696 696 696 696 696 696 696 696 696
744 744 744 744 744 744 744 744 744 744 744 744 744 744 744 744 744 744 744 744 744 744 744 744 744 744 744 744
792 792 792 792 792 792 792 792 792 792 792 792 792 792 792 792 792 792 792 792 792 792 792 792 792 792 792 792
840 840 840 840 840 840 840 840 840 840 840 840 840 840 840 840 840 840 840 840 840 840 840 840 840 840 840 840
888 888 888 888 888 888 888 888 888 888 888 888 888 888 888 888 888 888 888 888 888 888 888 888 888 888 888 888
936 936 936 936 936 936 936 936 936 936 936 936 936 936 936 936 936 936 936 936 936 936 936 936 936 936 936 936
984 984 984 984 984 984 984 984 984 984 984 984 984 984 984 984 984 984 984 984 984 984 984 984 984 984 984 984
1032 1032 1032 1032 1032 1032 1032 1032 1032 1032 1032 1032 1032 1032 1032 1032 1032 1032 1032 1032 1032 1032 1032 1032 1032 1032 1032 1032
1080 1080 1080 1080 1080 1080 1080 1080 1080 1080 1080 1080 1080 1080 1080 1080 1080 1080 1080 1080 1080 1080 1080 1080 1080 1080 1080 1080
1128 1128 1128 1128 1128 1128 1128 1128 1128 1128 1128 1128 1128 1128 1128 1128 1128 1128 1128 1128 1128 1128 1128 1128 1128 1128 1128 1128
1176 1176 1176 1176 1176 1176 1176 1176 1176 1176 1176 1176 1176 1176 1176 1176 1176 1176 1176 1176 1176 1176 1176 1176 1176 1176 1176 1176
1224 1224 1224 1224 1224 1224 1224 1224 1224 1224 1224 1224 1224 1224 1224 1224 1224 1224 1224 1224 1224 1224 1224 1224 1224 1224 1224 1224
1272 1272 1272 1272 1272 1272 1272 1272 1272 1272 1272 1272 1272 1272 1272 1272 1272 1272 1272 1272 1272 1272 1272 1272 1272 1272 1272 1272
1320 1320 1320 1320 1320 1320 1320 1320 1320 1320 1320 1320 1320 1320 1320 1320 1320 1320 1320 1320 1320 1320 1320 1320 1320 1320 1320 1320
1368 1368 1368 1368 1368 1368 1368 1368 1368 1368 1368 1368 1368 1368 1368 1368 1368 1368 1368 1368 1368 1368 1368 1368 1368 1368 1368 1368
1416 1416 1416 1416 1416 1416 1416 1416 1416 1416 1416 1416 1416 1416 1416 1416 1416 1416 1416 1416 1416 1416 1416 1416 1416 1416 1416 1416
1464 1464 1464 1464 1464 1464 1464 1464 1464 1464 1464 1464 1464 1464 1464 1464 1464 1464 1464 1464 1464 1464 1464 1464 1464 1464 1464 1464
1512 1512 1512 1512 1512 1512 1512 1512 1512 1512 1512 1512 1512 1512 1512 1512 1512 1512 1512 1512 1512 1512 1512 1512 1512 1512 1512 1512
1560 1560 1560 1560 1560 1560 1560 1560 1560 1560 1560 1560 1560 1560 1560 1560 1560 1560 1560 1560 1560 1560 1560 1560 1560 1560 1560 1560
1608 1608 1608 1608 1608 1608 1608 1608 1608 1608 1608 1608 1608 1608 1608 1608 1608 1608 1608 1608 1608 1608 1608 1608 1608 1608 1608 1608
1656 1656 1656 1656 1656 1656 1656 1656 1656 1656 1656 1656 1656 1656 1656 1656 1656 1656 1656 1656 1656 1656 1656 1656 1656 1656 1656 1656
1704 1704 1704 1704 1704 1704 1704 1704 1704 1704 1704 1704 1704 1704 1704 1704 1704 1704 1704 1704 1704 1704 1704 1704 1704 1704 1704 1704
1752 1752 1752 1752 1752 1752 1752 1752 1752 1752 1752 1752 1752 1752 1752 1752 1752 1752 1752 1752 1752 1752 1752 1752 1752 1752 1752 1752
1800 1800 1800 1800 1800 1800 1800 1800 1800 1800 1800 1800 1800 1800 1800 1800 1800 1800 1800 1800 1800 1800 1800 1800 1800 1800 1800 1800
1848 1848 1848 1848 1848 1848 1848 1848 1848 1848 1848 1848 1848 1848 1848 1848 1848 1848 1848 1848 1848 1848 1848 1848 1848 1848 1848 1848
552 552 552 552 552 552 552 552 552 552 552 552 552 552 552 552 552 552 552 552 552 552 552 552 552 552 552 552
600 600 600 600 600 600 600 600 600 600 600 600 600 600 600 600 600 600 600 600 600 600 600 600 600 600 600 600
648 648 648 648 648 648 648 648 648 648 648 648 648 648 648 648 648 648 648 648 648 648 648 648 648 648 648 648
696 696 696 696 696 696 696 696 696 696 696 696 696 696 696 696 696 696 696 696 696 696 696 696 696 696 696 696
744 744 744 744 744 744 744 744 744 744 744 744 744 744 744 744 744 744 744 744 744 744 744 744 744 744 744 744
792 792 792 792 792 792 792 792 792 792 792 792 792 792 792 792 792 792 792 792 792 792 792 792 792 792 792 792
840 840 840 840 840 840 840 840 840 840 840 840 840 840 840 840 840 840 840 840 840 840 840 840 840 840 840 840
888 888 888 888 888 888 888 888 888 888 888 888 888 888 888 888 888 888 888 888 888 888 888 888 888 888 888 888
936 936 936 936 936 936 936 936 936 936 936 936 936 936 936 936 936 936 936 936 936 936 936 936 936 936 936 936
984 984 984 984 984 984 984 984 984 984 984 984 984 984 984 984 984 984 984 984 984 984 984 984 984 984 984 984
1032 1032 1032 1032 1032 1032 1032 1032 1032 1032 1032 1032 1032 1032 1032 1032 1032 1032 1032 1032 1032 1032 1032 1032 1032 1032 1032 1032
1080 1080 1080 1080 1080 1080 1080 1080 1080 1080 1080 1080 1080 1080 1080 1080 1080 1080 1080 1080 1080 1080 1080 1080 1080 1080 1080 1080
1128 1128 1128 1128 1128 1128 1128 1128 1128 1128 1128 1128 1128 1128 1128 1128 1128 1128 1128 1128 1128 1128 1128 1128 1128 1128 1128 1128
1176 1176 1176 1176 1176 1176 1176 1176 1176 1176 1176 1176 1176 1176 1176 1176 1176 1176 1176 1176 1176 1176 1176 1176 1176 1176 1176 1176
1224 1224 1224 1224 1224 1224 1224 1224 1224 1224 1224 1224 1224 1224 1224 1224 1224 1224 1224 1224 1224 1224 1224 1224 1224 1224 1224 1224
1272 1272 1272 1272 1272 1272 1272 1272 1272 1272 1272 1272 1272 1272 1272 1272 1272 1272 1272 1272 1272 1272 1272 1272 1272 1272 1272 1272
1320 1320 1320 1320 1320 1320 1320 1320 1320 1320 1320 1320 1320 1320 1320 1320 1320 1320 1320 1320 1320 1320 1320 1320 1320 1320 1320 1320
1368 1368 1368 1368 1368 1368 1368 1368 1368 1368 1368 1368 1368 1368 1368 1368 1368 1368 1368 1368 1368 1368 1368 1368 1368 1368 1368 1368
1416 1416 1416 1416 1416 1416 1416 1416 1416 1416 1416 1416 1416 1416 1416 1416 1416 1416 1416 1416 1416 1416 1416 1416 1416 1416 1416 1416
1464 1464 1464 1464 1464 1464 1464 1464 1464 1464 1464 1464 1464 1464 1464 1464 1464 1464 1464 1464 1464 1464 1464 1464 1464 1464 1464 1464
1512 1512 1512 1512 1512 1512 1512 1512 1512 1512 1512 1512 1512 1512 1512 1512 1512 1512 1512 1512 1512 1512 1512 1512 1512 1512 1512 1512
1560 1560 1560 1560 1560 1560 1560 1560 1560 1560 1560 1560 1560 1560 1560 1560 1560 1560 1560 1560 1560 1560 1560 1560 1560 1560 1560 1560
1608 1608 1608 1608 1608 1608 1608 1608 1608 1608 1608 1608 1608 1608 1608 1608 1608 1608 1608 1608 1608 1608 1608 1608 1608 1608 1608 1608
1656 1656 1656 1656 1656 1656 1656 1656 1656 1656 1656 1656 1656 1656 1656 1656 1656 1656 1656 1656 1656 1656 1656 1656 1656 1656 1656 1656
1704 1704 1704 1704 1704 1704 1704 1704 1704 1704 1704 1704 1704 1704 1704 1704 1704 1704 1704 1704 1704 1704 1704 1704 1704 1704 1704 1704
1752 1752 1752 1752 1752 1752 1752 1752 1752 1752 1752 1752 1752 1752 1752 1752 1752 1752 1752 1752 1752 1752 1752 1752 1752 1752 1752 1752
1800 1800 1800 1800 1800 1800 1800 1800 1800 1800 1800 1800 1800 1800 1800 1800 1800 1800 1800 1800 1800 1800 1800 1800 1800 1800 1800 1800
1848 1848 1848 1848 1848 1848 1848 1848 1848 1848 1848 1848 1848 1848 1848 1848 1848 1848 1848 1848 1848 1848 1848 1848 1848 1848 1848 1848
552 552 552 552 552 552 552 552 552 552 552 552 552 552 552 552 552 552 552 552 552 552 552 552 552 552 552 552
600 600 600 600 600 600 600 600 600 600 600 600 600 600 600 600 600 600 600 600 600 600 600 600 600 600 600 600
648 648 648 648 648 648 648 648 648 648 648 648 648 648 648 648 648 648 648 648 648 648 648 648 648 648 648 648
696 696 696 696 696 696 696 696 696 696 696 696 696 696 696 696 696 696 696 696 696 696 696 696 696 696 696 696
744 744 744 744 744 744 744 744 744 744 744 744 744 744 744 744 744 744 744 744 744 744 744 744 744 744 744 744
792 792 792 792 792 792 792 792 792 792 792 792 792 792 792 792 792 792 792 792 792 792 792 792 792 792 792 792
840 840 840 840 840 840 840 840 840 840 840 840 840 840 840 840 840 840 840 840 840 840 840 840 840 840 840 840
888 888 888 888 888 888 888 888 888 888 888 888 888 888 888 888 888 888 888 888 888 888 888 888 888 888 888 888
936 936 936 936 936 936 936 936 936 936 936 936 936 936 936 936 936 936 936 936 936 936 936 936 936 936 936 936
984 984 984 984 984 984 984 984 984 984 984 984 984 984 984 984 984 984 984 984 984 984 984 984 984 984 984 984
1032 1032 1032 1032 1032 1032 1032 1032 1032 1032 1032 1032 1032 1032 1032 1032 1032 1032 1032 1032 1032 1032 1032 1032 1032 1032 1032 1032
1080 1080 1080 1080 1080 1080 1080 1080 1080 1080 1080 1080 1080 1080 1080 1080 1080 1080 1080 1080 1080 1080 1080 1080 1080 1080 1080 1080
1128 1128 1128 1128 1128 1128 1128 1128 1128 1128 1128 1128 1128 1128 1128 1128 1128 1128 1128 1128 1128 1128 1128 1128 1128 1128 1128 1128
1176 1176 1176 1176 1176 1176 1176 1176 1176 1176 1176 1176 1176 1176 1176 1176 1176 1176 1176 1176 1176 1176 1176 1176 1176 1176 1176 1176
1224 1224 1224 1224 1224 1224 1224 1224 1224 1224 1224 1224 1224 1224 1224 1224 1224 1224 1224 1224 1224 1224 1224 1224 1224 1224 1224 1224
1272 1272 1272 1272 1272 1272 1272 1272 1272 1272 1272 1272 1272 1272 1272 1272 1272 1272 1272 1272 1272 1272 1272 1272 1272 1272 1272 1272
1320 1320 1320 1320 1320 1320 1320 1320 1320 1320 1320 1320 1320 1320 1320 1320 1320 1320 1320 1320 1320 1320 1320 1320 1320 1320 1320 1320
1368 1368 1368 1368 1368 1368 1368 1368 1368 1368 1368 1368 1368 1368 1368 1368 1368 1368 1368 1368 1368 1368 1368 1368 1368 1368 1368 1368
1416 1416 1416 1416 1416 1416 1416 1416 1416 1416 1416 1416 1416 1416 1416 1416 1416 1416 1416 1416 1416 1416 1416 1416 1416 1416 1416 1416
1464 1464 1464 1464 1464 1464 1464 1464 1464 1464 1464 1464 1464 1464 1464 1464 1464 1464 1464 1464 1464 1464 1464 1464 1464 1464 1464 1464
1512 1512 1512 1512 1512 1512 1512 1512 1512 1512 1512 1512 1512 1512 1512 1512 1512 1512 1512 1512 1512 1512 1512 1512 1512 1512 1512 1512
1560 1560 1560 1560 1560 1560 1560 1560 1560 1560 1560 1560 1560 1560 1560 1560 1560 1560 1560 1560 1560 1560 1560 1560 1560 1560 1560 1560
1608 1608 1608 1608 1608 1608 1608 1608 1608 1608 1608 1608 1608 1608 1608 1608 1608 1608 1608 1608 1608 1608 1608 1608 1608 1608 1608 1608
1656 1656 1656 1656 1656 1656 1656 1656 1656 1656 1656 1656 1656 1656 1656 1656 1656 1656 1656 1656 1656 1656 1656 1656 1656 1656 1656 1656
1704 1704 1704 1704 1704 1704 1704 1704 1704 1704 1704 1704 1704 1704 1704 1704 1704 1704 1704 1704 1704 1704 1704 1704 1704 1704 1704 1704
1752 1752 1752 1752 1752 1752 1752 1752 1752 1752 1752 1752 1752 1752 1752 1752 1752 1752 1752 1752 1752 1752 1752 1752 1752 1752 1752 1752
1800 1800 1800 1800 1800 1800 1800 1800 1800 1800 1800 1800 1800 1800 1800 1800 1800 1800 1800 1800 1800 1800 1800 1800 1800 1800 1800 1800
1848 1848 1848 1848 1848 1848 1848 1848 1848 1848 1848 1848 1848 1848 1848 1848 1848 1848 1848 1848 1848 1848 1848 1848 1848 1848 1848 1848
552 552 552 552 552 552 552 552 552 552 552 552 552 552 552 552 552 552 552 552 552 552 552 552 552 552 552 552
600 600 600 600 600 600 600 600 600 600 600 600 600 600 600 600 600 600 600 600 600 600 600 600 600 600 600 600
648 648 648 648 648 648 648 648 648 648 648 648 648 648 648 648 648 648 648 648 648 648 648 648 648 648 648 648
696 696 696 696 696 696 696 696 696 696 696 696 696 696 696 696 696 696 696 696 696 696 696 696 696 696 696 696
744 744 744 744 744 744 744 744 744 744 744 744 744 744 744 744 744 744 744 744 744 744 744 744 744 744 744 744
792 792 792 792 792 792 792 792 792 792 792 792 792 792 792 792 792 792 792 792 792 792 792 792 792 792 792 792
840 840 840 840 840 840 840 840 840 840 840 840 840 840 840 840 840 840 840 840 840 840 840 840 840 840 840 840
888 888 888 888 888 888 888 888 888 888 888 888 888 888 888 888 888 888 888 888 888 888 888 888 888 888 888 888
936 936 936 936 936 936 936 936 936 936 936 936 936 936 936 936 936 936 936 936 936 936 936 936 936 936 936 936
984 984 984 984 984 984 984 984 984 984 984 984 984 984 984 984 984 984 984 984 984 984 984 984 984 984 984 984
1032 1032 1032 1032 1032 1032 1032 1032 1032 1032 1032 1032 1032 1032 1032 1032 1032 1032 1032 1032 1032 1032 1032 1032 1032 1032 1032 1032
1080 1080 1080 1080 1080 1080 1080 1080 1080 1080 1080 1080 1080 1080 1080 1080 1080 1080 1080 1080 1080 1080 1080 1080 1080 1080 1080 1080
1128 1128 1128 1128 1128 1128 1128 1128 1128 1128 1128 1128 1128 1128 1128 1128 1128 1128 1128 1128 1128 1128 1128 1128 1128 1128 1128 1128
1176 1176 1176 1176 1176 1176 1176 1176 1176 1176 1176 1176 1176 1176 1176 1176 1176 1176 1176 1176 1176 1176 1176 1176 1176 1176 1176 1176
1224 1224 1224 1224 1224 1224 1224 1224 1224 1224 1224 1224 1224 1224 1224 1224 1224 1224 1224 1224 1224 1224 1224 1224 1224 1224 1224 1224
1272 1272 1272 1272 1272 1272 1272 1272 1272 1272 1272 1272 1272 1272 1272 1272 1272 1272 1272 1272 1272 1272 1272 1272 1272 1272 1272 1272
1320 1320 1320 1320 1320 1320 1320 1320 1320 1320 1320 1320 1320 1320 1320 1320 1320 1320 1320 1320 1320 1320 1320 1320 1320 1320 1320 1320
1368 1368 1368 1368 1368 1368 1368 1368 1368 1368 1368 1368 1368 1368 1368 1368 1368 1368 1368 1368 1368 1368 1368 1368 1368 1368 1368 1368
1416 1416 1416 1416 1416 1416 1416 1416 1416 1416 1416 1416 1416 1416 1416 1416 1416 1416 1416 1416 1416 1416 1416 1416 1416 1416 1416 1416
1464 1464 1464 1464 1464 1464 1464 1464 1464 1464 1464 1464 1464 1464 1464 1464 1464 1464 1464 1464 1464 1464 1464 1464 1464 1464 1464 1464
1512 1512 1512 1512 1512 1512 1512 1512 1512 1512 1512 1512 1512 1512 1512 1512 1512 1512 1512 1512 1512 1512 1512 1512 1512 1512 1512 1512
1560 1560 1560 1560 1560 1560 1560 1560 1560 1560 1560 1560 1560 1560 1560 1560 1560 1560 1560 1560 1560 1560 1560 1560 1560 1560 1560 1560
1608 1608 1608 1608 1608 1608 1608 1608 1608 1608 1608 1608 1608 1608 1608 1608 1608 1608 1608 1608 1608 1608 1608 1608 1608 1608 1608 1608
1656 1656 1656 1656 1656 1656 1656 1656 1656 1656 1656 1656 1656 1656 1656 1656 1656 1656 1656 1656 1656 1656 1656 1656 1656 1656 1656 1656
1704 1704 1704 1704 1704 1704 1704 1704 1704 1704 1704 1704 1704 1704 1704 1704 1704 1704 1704 1704 1704 1704 1704 1704 1704 1704 1704 1704
1752 1752 1752 1752 1752 1752 1752 1752 1752 1752 1752 1752 1752 1752 1752 1752 1752 1752 1752 1752 1752 1752 1752 1752 1752 1752 1752 1752
1800 1800 1800 1800 1800 1800 1800 1800 1800 1800 1800 1800 1800 1800 1800 1800 1800 1800 1800 1800 1800 1800 1800 1800 1800 1800 1800 1800
1848 1848 1848 1848 1848 1848 1848 1848 1848 1848 1848 1848 1848 1848 1848 1848 1848 1848 1848 1848 1848 1848 1848 1848 1848 1848 1848 1848
552 552 552 552 552 552 552 552 552 552 552 552 552 552 552 552 552 552 552 552 552 552 552 552 552 552 552 552
600 600 600 600 600 600 600 600 600 600 600 600 600 600 600 600 600 600 600 600 600 600 600 600 600 600 600 600
648 648 648 648 648 648 648 648 648 648 648 648 648 648 648 648 648 648 648 648 648 648 648 648 648 648 648 648
696 696 696 696 696 696 696 696 696 696 696 696 696 696 696 696 696 696 696 696 696 696 696 696 696 696 696 696
744 744 744 744 744 744 744 744 744 744 744 744 744 744 744 744 744 744 744 744 744 744 744 744 744 744 744 744
792 792 792 792 792 792 792 792 792 792 792 792 792 792 792 792 792 792 792 792 792 792 792 792 792 792 792 792
840 840 840 840 840 840 840 840 840 840 840 840 840 840 840 840 840 840 840 840 840 840 840 840 840 840 840 840
888 888 888 888 888 888 888 888 888 888 888 888 888 888 888 888 888 888 888 888 888 888 888 888 888 888 888 888
936 936 936 936 936 936 936 936 936 936 936 936 936 936 936 936 936 936 936 936 936 936 936 936 936 936 936 936
984 984 984 984 984 984 984 984 984 984 984 984 984 984 984 984 984 984 984 984 984 984 984 984 984 984 984 984
1032 1032 1032 1032 1032 1032 1032 1032 1032 1032 1032 1032 1032 1032 1032 1032 1032 1032 1032 1032 1032 1032 1032 1032 1032 1032 1032 1032
1080 1080 1080 1080 1080 1080 1080 1080 1080 1080 1080 1080 1080 1080 1080 1080 1080 1080 1080 1080 1080 1080 1080 1080 1080 1080 1080 1080
1128 1128 1128 1128 1128 1128 1128 1128 1128 1128 1128 1128 1128 1128 1128 1128 1128 1128 1128 1128 1128 1128 1128 1128 1128 1128 1128 1128
1176 1176 1176 1176 1176 1176 1176 1176 1176 1176 1176 1176 1176 1176 1176 1176 1176 1176 1176 1176 1176 1176 1176 1176 1176 1176 1176 1176
1224 1224 1224 1224 1224 1224 1224 1224 1224 1224 1224 1224 1224 1224 1224 1224 1224 1224 1224 1224 1224 1224 1224 1224 1224 1224 1224 1224
1272 1272 1272 1272 1272 1272 1272 1272 1272 1272 1272 1272 1272 1272 1272 1272 1272 1272 1272 1272 1272 1272 1272 1272 1272 1272 1272 1272
1320 1320 1320 1320 1320 1320 1320 1320 1320 1320 1320 1320 1320 1320 1320 1320 1320 1320 1320 1320 1320 1320 1320 1320 1320 1320 1320 1320
1368 1368 1368 1368 1368 1368 1368 1368 1368 1368 1368 1368 1368 1368 1368 1368 1368 1368 1368 1368 1368 1368 1368 1368 1368 1368 1368 1368
1416 1416 1416 1416 1416 1416 1416 1416 1416 1416 1416 1416 1416 1416 1416 1416 1416 1416 1416 1416 1416 1416 1416 1416 1416 1416 1416 1416
1464 1464 1464 1464 1464 1464 1464 1464 1464 1464 1464 1464 1464 1464 1464 1464 1464 1464 1464 1464 1464 1464 1464 1464 1464 1464 1464 1464
1512 1512 1512 1512 1512 1512 1512 1512 1512 1512 1512 1512 1512 1512 1512 1512 1512 1512 1512 1512 1512 1512 1512 1512 1512 1512 1512 1512
1560 1560 1560 1560 1560 1560 1560 1560 1560 1560 1560 1560 1560 1560 1560 1560 1560 1560 1560 1560 1560 1560 1560 1560 1560 1560 1560 1560
1608 1608 1608 1608 1608 1608 1608 1608 1608 1608 1608 1608 1608 1608 1608 1608 1608 1608 1608 1608 1608 1608 1608 1608 1608 1608 1608 1608
1656 1656 1656 1656 1656 1656 1656 1656 1656 1656 1656 1656 1656 1656 1656 1656 1656 1656 1656 1656 1656 1656 1656 1656 1656 1656 1656 1656
1704 1704 1704 1704 1704 1704 1704 1704 1704 1704 1704 1704 1704 1704 1704 1704 1704 1704 1704 1704 1704 1704 1704 1704 1704 1704 1704 1704
1752 1752 1752 1752 1752 1752 1752 1752 1752 1752 1752 1752 1752 1752 1752 1752 1752 1752 1752 1752 1752 1752 1752 1752 1752 1752 1752 1752
1800 1800 1800 1800 1800 1800 1800 1800 1800 1800 1800 1800 1800 1800 1800 1800 1800 1800 1800 1800 1800 1800 1800 1800 1800 1800 1800 1800
1848 1848 1848 1848 1848 1848 1848 1848 1848 1848 1848 1848 1848 1848 1848 1848 1848 1848 1848 1848 1848 1848 1848 1848 1848 1848 1848 1848
552 552 552 552 552 552 552 552 552 552 552 552 552 552 552 552 552 552 552 552 552 552 552 552 552 552 552 552
600 600 600 600 600 600 600 600 600 600 600 600 600 600 600 600 600 600 600 600 600 600 600 600 600 600 600 600
648 648 648 648 648 648 648 648 648 648 648 648 648 648 648 648 648 648 648 648 648 648 648 648 648 648 648 648
696 696 696 696 696 696 696 696 696 696 696 696 696 696 696 696 696 696 696 696 696 696 696 696 696 696 696 696
744 744 744 744 744 744 744 744 744 744 744 744 744 744 744 744 744 744 744 744 744 744 744 744 744 744 744 744
792 792 792 792 792 792 792 792 792 792 792 792 792 792 792 792 792 792 792 792 792 792 792 792 792 792 792 792
840 840 840 840 840 840 840 840 840 840 840 840 840 840 840 840 840 840 840 840 840 840 840 840 840 840 840 840
888 888 888 888 888 888 888 888 888 888 888 888 888 888 888 888 888 888 888 888 888 888 888 888 888 888 888 888
936 936 936 936 936 936 936 936 936 936 936 936 936 936 936 936 936 936 936 936 936 936 936 936 936 936 936 936
984 984 984 984 984 984 984 984 984 984 984 984 984 984 984 984 984 984 984 984 984 984 984 984 984 984 984 984
1032 1032 1032 1032 1032 1032 1032 1032 1032 1032 1032 1032 1032 1032 1032 1032 1032 1032 1032 1032 1032 1032 1032 1032 1032 1032 1032 1032
1080 1080 1080 1080 1080 1080 1080 1080 1080 1080 1080 1080 1080 1080 1080 1080 1080 1080 1080 1080 1080 1080 1080 1080 1080 1080 1080 1080
1128 1128 1128 1128 1128 1128 1128 1128 1128 1128 1128 1128 1128 1128 1128 1128 1128 1128 1128 1128 1128 1128 1128 1128 1128 1128 1128 1128
1176 1176 1176 1176 1176 1176 1176 1176 1176 1176 1176 1176 1176 1176 1176 1176 1176 1176 1176 1176 1176 1176 1176 1176 1176 1176 1176 1176
1224 1224 1224 1224 1224 1224 1224 1224 1224 1224 1224 1224 1224 1224 1224 1224 1224 1224 1224 1224 1224 1224 1224 1224 1224 1224 1224 1224
1272 1272 1272 1272 1272 1272 1272 1272 1272 1272 1272 1272 1272 1272 1272 1272 1272 1272 1272 1272 1272 1272 1272 1272 1272 1272 1272 1272
1320 1320 1320 1320 1320 1320 1320 1320 1320 1320 1320 1320 1320 1320 1320 1320 1320 1320 1320 1320 1320 1320 1320 1320 1320 1320 1320 1320
1368 1368 1368 1368 1368 1368 1368 1368 1368 1368 1368 1368 1368 1368 1368 1368 1368 1368 1368 1368 1368 1368 1368 1368 1368 1368 1368 1368
1416 1416 1416 1416 1416 1416 1416 1416 1416 1416 1416 1416 1416 1416 1416 1416 1416 1416 1416 1416 1416 1416 1416 1416 1416 1416 1416 1416
1464 1464 1464 1464 1464 1464 1464 1464 1464 1464 1464 1464 1464 1464 1464 1464 1464 1464 1464 1464 1464 1464 1464 1464 1464 1464 1464 1464
1512 1512 1512 1512 1512 1512 1512 1512 1512 1512 1512 1512 1512 1512 1512 1512 1512 1512 1512 1512 1512 1512 1512 1512 1512 1512 1512 1512
1560 1560 1560 1560 1560 1560 1560 1560 1560 1560 1560 1560 1560 1560 1560 1560 1560 1560 1560 1560 1560 1560 1560 1560 1560 1560 1560 1560
1608 1608 1608 1608 1608 1608 1608 1608 1608 1608 1608 1608 1608 1608 1608 1608 1608 1608 1608 1608 1608 1608 1608 1608 1608 1608 1608 1608
1656 1656 1656 1656 1656 1656 1656 1656 1656 1656 1656 1656 1656 1656 1656 1656 1656 1656 1656 1656 1656 1656 1656 1656 1656 1656 1656 1656
1704 1704 1704 1704 1704 1704 1704 1704 1704 1704 1704 1704 1704 1704 1704 1704 1704 1704 1704 1704 1704 1704 1704 1704 1704 1704 1704 1704
1752 1752 1752 1752 1752 1752 1752 1752 1752 1752 1752 1752 1752 1752 1752 1752 1752 1752 1752 1752 1752 1752 1752 1752 1752 1752 1752 1752
1800 1800 1800 1800 1800 1800 1800 1800 1800 1800 1800 1800 1800 1800 1800 1800 1800 1800 1800 1800 1800 1800 1800 1800 1800 1800 1800 1800
1848 1848 1848 1848 1848 1848 1848 1848 1848 1848 1848 1848 1848 1848 1848 1848 1848 1848 1848 1848 1848 1848 1848 1848 1848 1848 1848 1848
552 552 552 552 552 552 552 552 552 552 552 552 552 552 552 552 552 552 552 552 552 552 552 552 552 552 552 552
600 600 600 600 600 600 600 600 600 600 600 600 600 600 600 600 600 600 600 600 600 600 600 600 600 600 600 600
648 648 648 648 648 648 648 648 648 648 648 648 648 648 648 648 648 648 648 648 648 648 648 648 648 648 648 648
696 696 696 696 696 696 696 696 696 696 696 696 696 696 696 696 696 696 696 696 696 696 696 696 696 696 696 696
744 744 744 744 744 744 744 744 744 744 744 744 744 744 744 744 744 744 744 744 744 744 744 744 744 744 744 744
792 792 792 792 792 792 792 792 792 792 792 792 792 792 792 792 792 792 792 792 792 792 792 792 792 792 792 792
840 840 840 840 840 840 840 840 840 840 840 840 840 840 840 840 840 840 840 840 840 840 840 840 840 840 840 840
888 888 888 888 888 888 888 888 888 888 888 888 888 888 888 888 888 888 888 888 888 888 888 888 888 888 888 888
936 936 936 936 936 936 936 936 936 936 936 936 936 936 936 936 936 936 936 936 936 936 936 936 936 936 936 936
984 984 984 984 984 984 984 984 984 984 984 984 984 984 984 984 984 984 984 984 984 984 984 984 984 984 984 984
1032 1032 1032 1032 1032 1032 1032 1032 1032 1032 1032 1032 1032 1032 1032 1032 1032 1032 1032 1032 1032 1032 1032 1032 1032 1032 1032 1032
1080 1080 1080 1080 1080 1080 1080 1080 1080 1080 1080 1080 1080 1080 1080 1080 1080 1080 1080 1080 1080 1080 1080 1080 1080 1080 1080 1080
1128 1128 1128 1128 1128 1128 1128 1128 1128 1128 1128 1128 1128 1128 1128 1128 1128 1128 1128 1128 1128 1128 1128 1128 1128 1128 1128 1128
1176 1176 1176 1176 1176 1176 1176 1176 1176 1176 1176 1176 1176 1176 1176 1176 1176 1176 1176 1176 1176 1176 1176 1176 1176 1176 1176 1176
1224 1224 1224 1224 1224 1224 1224 1224 1224 1224 1224 1224 1224 1224 1224 1224 1224 1224 1224 1224 1224 1224 1224 1224 1224 1224 1224 1224
1272 1272 1272 1272 1272 1272 1272 1272 1272 1272 1272 1272 1272 1272 1272 1272 1272 1272 1272 1272 1272 1272 1272 1272 1272 1272 1272 1272
1320 1320 1320 1320 1320 1320 1320 1320 1320 1320 1320 1320 1320 1320 1320 1320 1320 1320 1320 1320 1320 1320 1320 1320 1320 1320 1320 1320
1368 1368 1368 1368 1368 1368 1368 1368 1368 1368 1368 1368 1368 1368 1368 1368 1368 1368 1368 1368 1368 1368 1368 1368 1368 1368 1368 1368
1416 1416 1416 1416 1416 1416 1416 1416 1416 1416 1416 1416 1416 1416 1416 1416 1416 1416 1416 1416 1416 1416 1416 1416 1416 1416 1416 1416
1464 1464 1464 1464 1464 1464 1464 1464 1464 1464 1464 1464 1464 1464 1464 1464 1464 1464 1464 1464 1464 1464 1464 1464 1464 1464 1464 1464
1512 1512 1512 1512 1512 1512 1512 1512 1512 1512 1512 1512 1512 1512 1512 1512 1512 1512 1512 1512 1512 1512 1512 1512 1512 1512 1512 1512
1560 1560 1560 1560 1560 1560 1560 1560 1560 1560 1560 1560 1560 1560 1560 1560 1560 1560 1560 1560 1560 1560 1560 1560 1560 1560 1560 1560
1608 1608 1608 1608 1608 1608 1608 1608 1608 1608 1608 1608 1608 1608 1608 1608 1608 1608 1608 1608 1608 1608 1608 1608 1608 1608 1608 1608
1656 1656 1656 1656 1656 1656 1656 1656 1656 1656 1656 1656 1656 1656 1656 1656 1656 1656 1656 1656 1656 1656 1656 1656 1656 1656 1656 1656
1704 1704 1704 1704 1704 1704 1704 1704 1704 1704 1704 1704 1704 1704 1704 1704 1704 1704 1704 1704 1704 1704 1704 1704 1704 1704 1704 1704
1752 1752 1752 1752 1752 1752 1752 1752 1752 1752 1752 1752 1752 1752 1752 1752 1752 1752 1752 1752 1752 1752 1752 1752 1752 1752 1752 1752
1800 1800 1800 1800 1800 1800 1800 1800 1800 1800 1800 1800 1800 1800 1800 1800 1800 1800 1800 1800 1800 1800 1800 1800 1800 1800 1800 1800
1848 1848 1848 1848 1848 1848 1848 1848 1848 1848 1848 1848 1848 1848 1848 1848 1848 1848 1848 1848 1848 1848 1848 1848 1848 1848 1848 1848
552 552 552 552 552 552 552 552 552 552 552 552 552 552 552 552 552 552 552 552 552 552 552 552 552 552 552 552
600 600 600 600 600 600 600 600 600 600 600 600 600 600 600 600 600 600 600 600 600 600 600 600 600 600 600 600
648 648 648 648 648 648 648 648 648 648 648 648 648 648 648 648 648 648 648 648 648 648 648 648 648 648 648 648
696 696 696 696 696 696 696 696 696 696 696 696 696 696 696 696 696 696 696 696 696 696 696 696 696 696 696 696
744 744 744 744 744 744 744 744 744 744 744 744 744 744 744 744 744 744 744 744 744 744 744 744 744 744 744 744
792 792 792 792 792 792 792 792 792 792 792 792 792 792 792 792 792 792 792 792 792 792 792 792 792 792 792 792
840 840 840 840 840 840 840 840 840 840 840 840 840 840 840 840 840 840 840 840 840 840 840 840 840 840 840 840
888 888 888 888 888 888 888 888 888 888 888 888 888 888 888 888 888 888 888 888 888 888 888 888 888 888 888 888
936 936 936 936 936 936 936 936 936 936 936 936 936 936 936 936 936 936 936 936 936 936 936 936 936 936 936 936
984 984 984 984 984 984 984 984 984 984 984 984 984 984 984 984 984 984 984 984 984 984 984 984 984 984 984 984
1032 1032 1032 1032 1032 1032 1032 1032 1032 1032 1032 1032 1032 1032 1032 1032 1032 1032 1032 1032 1032 1032 1032 1032 1032 1032 1032 1032
1080 1080 1080 1080 1080 1080 1080 1080 1080 1080 1080 1080 1080 1080 1080 1080 1080 1080 1080 1080 1080 1080 1080 1080 1080 1080 1080 1080
1128 1128 1128 1128 1128 1128 1128 1128 1128 1128 1128 1128 1128 1128 1128 1128 1128 1128 1128 1128 1128 1128 1128 1128 1128 1128 1128 1128
1176 1176 1176 1176 1176 1176 1176 1176 1176 1176 1176 1176 1176 1176 1176 1176 1176 1176 1176 1176 1176 1176 1176 1176 1176 1176 1176 1176
1224 1224 1224 1224 1224 1224 1224 1224 1224 1224 1224 1224 1224 1224 1224 1224 1224 1224 1224 1224 1224 1224 1224 1224 1224 1224 1224 1224
1272 1272 1272 1272 1272 1272 1272 1272 1272 1272 1272 1272 1272 1272 1272 1272 1272 1272 1272 1272 1272 1272 1272 1272 1272 1272 1272 1272
1320 1320 1320 1320 1320 1320 1320 1320 1320 1320 1320 1320 1320 1320 1320 1320 1320 1320 1320 1320 1320 1320 1320 1320 1320 1320 1320 1320
1368 1368 1368 1368 1368 1368 1368 1368 1368 1368 1368 1368 1368 1368 1368 1368 1368 1368 1368 1368 1368 1368 1368 1368 1368 1368 1368 1368
1416 1416 1416 1416 1416 1416 1416 1416 1416 1416 1416 1416 1416 1416 1416 1416 1416 1416 1416 1416 1416 1416 1416 1416 1416 1416 1416 1416
1464 1464 1464 1464 1464 1464 1464 1464 1464 1464 1464 1464 1464 1464 1464 1464 1464 1464 1464 1464 1464 1464 1464 1464 1464 1464 1464 1464
1512 1512 1512 1512 1512 1512 1512 1512 1512 1512 1512 1512 1512 1512 1512 1512 1512 1512 1512 1512 1512 1512 1512 1512 1512 1512 1512 1512
1560 1560 1560 1560 1560 1560 1560 1560 1560 1560 1560 1560 1560 1560 1560 1560 1560 1560 1560 1560 1560 1560 1560 1560 1560 1560 1560 1560
1608 1608 1608 1608 1608 1608 1608 1608 1608 1608 1608 1608 1608 1608 1608 1608 1608 1608 1608 1608 1608 1608 1608 1608 1608 1608 1608 1608
1656 1656 1656 1656 1656 1656 1656 1656 1656 1656 1656 1656 1656 1656 1656 1656 1656 1656 1656 1656 1656 1656 1656 1656 1656 1656 1656 1656
1704 1704 1704 1704 1704 1704 1704 1704 1704 1704 1704 1704 1704 1704 1704 1704 1704 1704 1704 1704 1704 1704 1704 1704 1704 1704 1704 1704
1752 1752 1752 1752 1752 1752 1752 1752 1752 1752 1752 1752 1752 1752 1752 1752 1752 1752 1752 1752 1752 1752 1752 1752 1752 1752 1752 1752
1800 1800 1800 1800 1800 1800 1800 1800 1800 1800 1800 1800 1800 1800 1800 1800 1800 1800 1800 1800 1800 1800 1800 1800 1800 1800 1800 1800
1848 1848 1848 1848 1848 1848 1848 1848 1848 1848 1848 1848 1848 1848 1848 1848 1848 1848 1848 1848 1848 1848 1848 1848 1848 1848 1848 1848
552 552 552 552 552 552 552 552 552 552 552 552 552 552 552 552 552 552 552 552 552 552 552 552 552 552 552 552
600 600 600 600 600 600 600 600 600 600 600 600 600 600 600 600 600 600 600 600 600 600 600 600 600 600 600 600
648 648 648 648 648 648 648 648 648 648 648 648 648 648 648 648 648 648 648 648 648 648 648 648 648 648 648 648
696 696 696 696 696 696 696 696 696 696 696 696 696 696 696 696 696 696 696 696 696 696 696 696 696 696 696 696
744 744 744 744 744 744 744 744 744 744 744 744 744 744 744 744 744 744 744 744 744 744 744 744 744 744 744 744
792 792 792 792 792 792 792 792 792 792 792 792 792 792 792 792 792 792 792 792 792 792 792 792 792 792 792 792
840 840 840 840 840 840 840 840 840 840 840 840 840 840 840 840 840 840 840 840 840 840 840 840 840 840 840 840
888 888 888 888 888 888 888 888 888 888 888 888 888 888 888 888 888 888 888 888 888 888 888 888 888 888 888 888
936 936 936 936 936 936 936 936 936 936 936 936 936 936 936 936 936 936 936 936 936 936 936 936 936 936 936 936
984 984 984 984 984 984 984 984 984 984 984 984 984 984 984 984 984 984 984 984 984 984 984 984 984 984 984 984
1032 1032 1032 1032 1032 1032 1032 1032 1032 1032 1032 1032 1032 1032 1032 1032 1032 1032 1032 1032 1032 1032 1032 1032 1032 1032 1032 1032
1080 1080 1080 1080 1080 1080 1080 1080 1080 1080 1080 1080 1080 1080 1080 1080 1080 1080 1080 1080 1080 1080 1080 1080 1080 1080 1080 1080
1128 1128 1128 1128 1128 1128 1128 1128 1128 1128 1128 1128 1128 1128 1128 1128 1128 1128 1128 1128 1128 1128 1128 1128 1128 1128 1128 1128
1176 1176 1176 1176 1176 1176 1176 1176 1176 1176 1176 1176 1176 1176 1176 1176 1176 1176 1176 1176 1176 1176 1176 1176 1176 1176 1176 1176
1224 1224 1224 1224 1224 1224 1224 1224 1224 1224 1224 1224 1224 1224 1224 1224 1224 1224 1224 1224 1224 1224 1224 1224 1224 1224 1224 1224
1272 1272 1272 1272 1272 1272 1272 1272 1272 1272 1272 1272 1272 1272 1272 1272 1272 1272 1272 1272 1272 1272 1272 1272 1272 1272 1272 1272
1320 1320 1320 1320 1320 1320 1320 1320 1320 1320 1320 1320 1320 1320 1320 1320 1320 1320 1320 1320 1320 1320 1320 1320 1320 1320 1320 1320
1368 1368 1368 1368 1368 1368 1368 1368 1368 1368 1368 1368 1368 1368 1368 1368 1368 1368 1368 1368 1368 1368 1368 1368 1368 1368 1368 1368
1416 1416 1416 1416 1416 1416 1416 1416 1416 1416 1416 1416 1416 1416 1416 1416 1416 1416 1416 1416 1416 1416 1416 1416 1416 1416 1416 1416
1464 1464 1464 1464 1464 1464 1464 1464 1464 1464 1464 1464 1464 1464 1464 1464 1464 1464 1464 1464 1464 1464 1464 1464 1464 1464 1464 1464
1512 1512 1512 1512 1512 1512 1512 1512 1512 1512 1512 1512 1512 1512 1512 1512 1512 1512 1512 1512 1512 1512 1512 1512 1512 1512 1512 1512
1560 1560 1560 1560 1560 1560 1560 1560 1560 1560 1560 1560 1560 1560 1560 1560 1560 1560 1560 1560 1560 1560 1560 1560 1560 1560 1560 1560
1608 1608 1608 1608 1608 1608 1608 1608 1608 1608 1608 1608 1608 1608 1608 1608 1608 1608 1608 1608 1608 1608 1608 1608 1608 1608 1608 1608
1656 1656 1656 1656 1656 1656 1656 1656 1656 1656 1656 1656 1656 1656 1656 1656 1656 1656 1656 1656 1656 1656 1656 1656 1656 1656 1656 1656
1704 1704 1704 1704 1704 1704 1704 1704 1704 1704 1704 1704 1704 1704 1704 1704 1704 1704 1704 1704 1704 1704 1704 1704 1704 1704 1704 1704
1752 1752 1752 1752 1752 1752 1752 1752 1752 1752 1752 1752 1752 1752 1752 1752 1752 1752 1752 1752 1752 1752 1752 1752 1752 1752 1752 1752
1800 1800 1800 1800 1800 1800 1800 1800 1800 1800 1800 1800 1800 1800 1800 1800 1800 1800 1800 1800 1800 1800 1800 1800 1800 1800 1800 1800
1848 1848 1848 1848 1848 1848 1848 1848 1848 1848 1848 1848 1848 1848 1848 1848 1848 1848 1848 1848 1848 1848 1848 1848 1848 1848 1848 1848
552 552 552 552 552 552 552 552 552 552 552 552 552 552 552 552 552 552 552 552 552 552 552 552 552 552 552 552
600 600 600 600 600 600 600 600 600 600 600 600 600 600 600 600 600 600 600 600 600 600 600 600 600 600 600 600
648 648 648 648 648 648 648 648 648 648 648 648 648 648 648 648 648 648 648 648 648 648 648 648 648 648 648 648
696 696 696 696 696 696 696 696 696 696 696 696 696 696 696 696 696 696 696 696 696 696 696 696 696 696 696 696
744 744 744 744 744 744 744 744 744 744 744 744 744 744 744 744 744 744 744 744 744 744 744 744 744 744 744 744
792 792 792 792 792 792 792 792 792 792 792 792 792 792 792 792 792 792 792 792 792 792 792 792 792 792 792 792
840 840 840 840 840 840 840 840 840 840 840 840 840 840 840 840 840 840 840 840 840 840 840 840 840 840 840 840
888 888 888 888 888 888 888 888 888 888 888 888 888 888 888 888 888 888 888 888 888 888 888 888 888 888 888 888
936 936 936 936 936 936 936 936 936 936 936 936 936 936 936 936 936 936 936 936 936 936 936 936 936 936 936 936
984 984 984 984 984 984 984 984 984 984 984 984 984 984 984 984 984 984 984 984 984 984 984 984 984 984 984 984
1032 1032 1032 1032 1032 1032 1032 1032 1032 1032 1032 1032 1032 1032 1032 1032 1032 1032 1032 1032 1032 1032 1032 1032 1032 1032 1032 1032
1080 1080 1080 1080 1080 1080 1080 1080 1080 1080 1080 1080 1080 1080 1080 1080 1080 1080 1080 1080 1080 1080 1080 1080 1080 1080 1080 1080
1128 1128 1128 1128 1128 1128 1128 1128 1128 1128 1128 1128 1128 1128 1128 1128 1128 1128 1128 1128 1128 1128 1128 1128 1128 1128 1128 1128
1176 1176 1176 1176 1176 1176 1176 1176 1176 1176 1176 1176 1176 1176 1176 1176 1176 1176 1176 1176 1176 1176 1176 1176 1176 1176 1176 1176
1224 1224 1224 1224 1224 1224 1224 1224 1224 1224 1224 1224 1224 1224 1224 1224 1224 1224 1224 1224 1224 1224 1224 1224 1224 1224 1224 1224
1272 1272 1272 1272 1272 1272 1272 1272 1272 1272 1272 1272 1272 1272 1272 1272 1272 1272 1272 1272 1272 1272 1272 1272 1272 1272 1272 1272
1320 1320 1320 1320 1320 1320 1320 1320 1320 1320 1320 1320 1320 1320 1320 1320 1320 1320 1320 1320 1320 1320 1320 1320 1320 1320 1320 1320
1368 1368 1368 1368 1368 1368 1368 1368 1368 1368 1368 1368 1368 1368 1368 1368 1368 1368 1368 1368 1368 1368 1368 1368 1368 1368 1368 1368
1416 1416 1416 1416 1416 1416 1416 1416 1416 1416 1416 1416 1416 1416 1416 1416 1416 1416 1416 1416 1416 1416 1416 1416 1416 1416 1416 1416
1464 1464 1464 1464 1464 1464 1464 1464 1464 1464 1464 1464 1464 1464 1464 1464 1464 1464 1464 1464 1464 1464 1464 1464 1464 1464 1464 1464
1512 1512 1512 1512 1512 1512 1512 1512 1512 1512 1512 1512 1512 1512 1512 1512 1512 1512 1512 1512 1512 1512 1512 1512 1512 1512 1512 1512
1560 1560 1560 1560 1560 1560 1560 1560 1560 1560 1560 1560 1560 1560 1560 1560 1560 1560 1560 1560 1560 1560 1560 1560 1560 1560 1560 1560
1608 1608 1608 1608 1608 1608 1608 1608 1608 1608 1608 1608 1608 1608 1608 1608 1608 1608 1608 1608 1608 1608 1608 1608 1608 1608 1608 1608
1656 1656 1656 1656 1656 1656 1656 1656 1656 1656 1656 1656 1656 1656 1656 1656 1656 1656 1656 1656 1656 1656 1656 1656 1656 1656 1656 1656
1704 1704 1704 1704 1704 1704 1704 1704 1704 1704 1704 1704 1704 1704 1704 1704 1704 1704 1704 1704 1704 1704 1704 1704 1704 1704 1704 1704
1752 1752 1752 1752 1752 1752 1752 1752 1752 1752 1752 1752 1752 1752 1752 1752 1752 1752 1752 1752 1752 1752 1752 1752 1752 1752 1752 1752
1800 1800 1800 1800 1800 1800 1800 1800 1800 1800 1800 1800 1800 1800 1800 1800 1800 1800 1800 1800 1800 1800 1800 1800 1800 1800 1800 1800
1848 1848 1848 1848 1848 1848 1848 1848 1848 1848 1848 1848 1848 1848 1848 1848 1848 1848 1848 1848 1848 1848 1848 1848 1848 1848 1848 1848
552 552 552 552 552 552 552 552 552 552 552 552 552 552 552 552 552 552 552 552 552 552 552 552 552 552 552 552
600 600 600 600 600 600 600 600 600 600 600 600 600 600 600 600 600 600 600 600 600 600 600 600 600 600 600 600
648 648 648 648 648 648 648 648 648 648 648 648 648 648 648 648 648 648 648 648 648 648 648 648 648 648 648 648
696 696 696 696 696 696 696 696 696 696 696 696 696 696 696 696 696 696 696 696 696 696 696 696 696 696 696 696
744 744 744 744 744 744 744 744 744 744 744 744 744 744 744 744 744 744 744 744 744 744 744 744 744 744 744 744
792 792 792 792 792 792 792 792 792 792 792 792 792 792 792 792 792 792 792 792 792 792 792 792 792 792 792 792
840 840 840 840 840 840 840 840 840 840 840 840 840 840 840 840 840 840 840 840 840 840 840 840 840 840 840 840
888 888 888 888 888 888 888 888 888 888 888 888 888 888 888 888 888 888 888 888 888 888 888 888 888 888 888 888
936 936 936 936 936 936 936 936 936 936 936 936 936 936 936 936 936 936 936 936 936 936 936 936 936 936 936 936
984 984 984 984 984 984 984 984 984 984 984 984 984 984 984 984 984 984 984 984 984 984 984 984 984 984 984 984
1032 1032 1032 1032 1032 1032 1032 1032 1032 1032 1032 1032 1032 1032 1032 1032 1032 1032 1032 1032 1032 1032 1032 1032 1032 1032 1032 1032
1080 1080 1080 1080 1080 1080 1080 1080 1080 1080 1080 1080 1080 1080 1080 1080 1080 1080 1080 1080 1080 1080 1080 1080 1080 1080 1080 1080
1128 1128 1128 1128 1128 1128 1128 1128 1128 1128 1128 1128 1128 1128 1128 1128 1128 1128 1128 1128 1128 1128 1128 1128 1128 1128 1128 1128
1176 1176 1176 1176 1176 1176 1176 1176 1176 1176 1176 1176 1176 1176 1176 1176 1176 1176 1176 1176 1176 1176 1176 1176 1176 1176 1176 1176
1224 1224 1224 1224 1224 1224 1224 1224 1224 1224 1224 1224 1224 1224 1224 1224 1224 1224 1224 1224 1224 1224 1224 1224 1224 1224 1224 1224
1272 1272 1272 1272 1272 1272 1272 1272 1272 1272 1272 1272 1272 1272 1272 1272 1272 1272 1272 1272 1272 1272 1272 1272 1272 1272 1272 1272
1320 1320 1320 1320 1320 1320 1320 1320 1320 1320 1320 1320 1320 1320 1320 1320 1320 1320 1320 1320 1320 1320 1320 1320 1320 1320 1320 1320
1368 1368 1368 1368 1368 1368 1368 1368 1368 1368 1368 1368 1368 1368 1368 1368 1368 1368 1368 1368 1368 1368 1368 1368 1368 1368 1368 1368
1416 1416 1416 1416 1416 1416 1416 1416 1416 1416 1416 1416 1416 1416 1416 1416 1416 1416 1416 1416 1416 1416 1416 1416 1416 1416 1416 1416
1464 1464 1464 1464 1464 1464 1464 1464 1464 1464 1464 1464 1464 1464 1464 1464 1464 1464 1464 1464 1464 1464 1464 1464 1464 1464 1464 1464
1512 1512 1512 1512 1512 1512 1512 1512 1512 1512 1512 1512 1512 1512 1512 1512 1512 1512 1512 1512 1512 1512 1512 1512 1512 1512 1512 1512
1560 1560 1560 1560 1560 1560 1560 1560 1560 1560 1560 1560 1560 1560 1560 1560 1560 1560 1560 1560 1560 1560 1560 1560 1560 1560 1560 1560
1608 1608 1608 1608 1608 1608 1608 1608 1608 1608 1608 1608 1608 1608 1608 1608 1608 1608 1608 1608 1608 1608 1608 1608 1608 1608 1608 1608
1656 1656 1656 1656 1656 1656 1656 1656 1656 1656 1656 1656 1656 1656 1656 1656 1656 1656 1656 1656 1656 1656 1656 1656 1656 1656 1656 1656
1704 1704 1704 1704 1704 1704 1704 1704 1704 1704 1704 1704 1704 1704 1704 1704 1704 1704 1704 1704 1704 1704 1704 1704 1704 1704 1704 1704
1752 1752 1752 1752 1752 1752 1752 1752 1752 1752 1752 1752 1752 1752 1752 1752 1752 1752 1752 1752 1752 1752 1752 1752 1752 1752 1752 1752
1800 1800 1800 1800 1800 1800 1800 1800 1800 1800 1800 1800 1800 1800 1800 1800 1800 1800 1800 1800 1800 1800 1800 1800 1800 1800 1800 1800
1848 1848 1848 1848 1848 1848 1848 1848 1848 1848 1848 1848 1848 1848 1848 1848 1848 1848 1848 1848 1848 1848 1848 1848 1848 1848 1848 1848
552 552 552 552 552 552 552 552 552 552 552 552 552 552 552 552 552 552 552 552 552 552 552 552 552 552 552 552
600 600 600 600 600 600 600 600 600 600 600 600 600 600 600 600 600 600 600 600 600 600 600 600 600 600 600 600
648 648 648 648 648 648 648 648 648 648 648 648 648 648 648 648 648 648 648 648 648 648 648 648 648 648 648 648
696 696 696 696 696 696 696 696 696 696 696 696 696 696 696 696 696 696 696 696 696 696 696 696 696 696 696 696
744 744 744 744 744 744 744 744 744 744 744 744 744 744 744 744 744 744 744 744 744 744 744 744 744 744 744 744
792 792 792 792 792 792 792 792 792 792 792 792 792 792 792 792 792 792 792 792 792 792 792 792 792 792 792 792
840 840 840 840 840 840 840 840 840 840 840 840 840 840 840 840 840 840 840 840 840 840 840 840 840 840 840 840
888 888 888 888 888 888 888 888 888 888 888 888 888 888 888 888 888 888 888 888 888 888 888 888 888 888 888 888
936 936 936 936 936 936 936 936 936 936 936 936 936 936 936 936 936 936 936 936 936 936 936 936 936 936 936 936
984 984 984 984 984 984 984 984 984 984 984 984 984 984 984 984 984 984 984 984 984 984 984 984 984 984 984 984
1032 1032 1032 1032 1032 1032 1032 1032 1032 1032 1032 1032 1032 1032 1032 1032 1032 1032 1032 1032 1032 1032 1032 1032 1032 1032 1032 1032
1080 1080 1080 1080 1080 1080 1080 1080 1080 1080 1080 1080 1080 1080 1080 1080 1080 1080 1080 1080 1080 1080 1080 1080 1080 1080 1080 1080
1128 1128 1128 1128 1128 1128 1128 1128 1128 1128 1128 1128 1128 1128 1128 1128 1128 1128 1128 1128 1128 1128 1128 1128 1128 1128 1128 1128
1176 1176 1176 1176 1176 1176 1176 1176 1176 1176 1176 1176 1176 1176 1176 1176 1176 1176 1176 1176 1176 1176 1176 1176 1176 1176 1176 1176
1224 1224 1224 1224 1224 1224 1224 1224 1224 1224 1224 1224 1224 1224 1224 1224 1224 1224 1224 1224 1224 1224 1224 1224 1224 1224 1224 1224
1272 1272 1272 1272 1272 1272 1272 1272 1272 1272 1272 1272 1272 1272 1272 1272 1272 1272 1272 1272 1272 1272 1272 1272 1272 1272 1272 1272
1320 1320 1320 1320 1320 1320 1320 1320 1320 1320 1320 1320 1320 1320 1320 1320 1320 1320 1320 1320 1320 1320 1320 1320 1320 1320 1320 1320
1368 1368 1368 1368 1368 1368 1368 1368 1368 1368 1368 1368 1368 1368 1368 1368 1368 1368 1368 1368 1368 1368 1368 1368 1368 1368 1368 1368
1416 1416 1416 1416 1416 1416 1416 1416 1416 1416 1416 1416 1416 1416 1416 1416 1416 1416 1416 1416 1416 1416 1416 1416 1416 1416 1416 1416
1464 1464 1464 1464 1464 1464 1464 1464 1464 1464 1464 1464 1464 1464 1464 1464 1464 1464 1464 1464 1464 1464 1464 1464 1464 1464 1464 1464
1512 1512 1512 1512 1512 1512 1512 1512 1512 1512 1512 1512 1512 1512 1512 1512 1512 1512 1512 1512 1512 1512 1512 1512 1512 1512 1512 1512
1560 1560 1560 1560 1560 1560 1560 1560 1560 1560 1560 1560 1560 1560 1560 1560 1560 1560 1560 1560 1560 1560 1560 1560 1560 1560 1560 1560
1608 1608 1608 1608 1608 1608 1608 1608 1608 1608 1608 1608 1608 1608 1608 1608 1608 1608 1608 1608 1608 1608 1608 1608 1608 1608 1608 1608
1656 1656 1656 1656 1656 1656 1656 1656 1656 1656 1656 1656 1656 1656 1656 1656 1656 1656 1656 1656 1656 1656 1656 1656 1656 1656 1656 1656
1704 1704 1704 1704 1704 1704 1704 1704 1704 1704 1704 1704 1704 1704 1704 1704 1704 1704 1704 1704 1704 1704 1704 1704 1704 1704 1704 1704
1752 1752 1752 1752 1752 1752 1752 1752 1752 1752 1752 1752 1752 1752 1752 1752 1752 1752 1752 1752 1752 1752 1752 1752 1752 1752 1752 1752
1800 1800 1800 1800 1800 1800 1800 1800 1800 1800 1800 1800 1800 1800 1800 1800 1800 1800 1800 1800 1800 1800 1800 1800 1800 1800 1800 1800
1848 1848 1848 1848 1848 1848 1848 1848 1848 1848 1848 1848 1848 1848 1848 1848 1848 1848 1848 1848 1848 1848 1848 1848 1848 1848 1848 1848
552 552 552 552 552 552 552 552 552 552 552 552 552 552 552 552 552 552 552 552 552 552 552 552 552 552 552 552
600 600 600 600 600 600 600 600 600 600 600 600 600 600 600 600 600 600 600 600 600 600 600 600 600 600 600 600
648 648 648 648 648 648 648 648 648 648 648 648 648 648 648 648 648 648 648 648 648 648 648 648 648 648 648 648
696 696 696 696 696 696 696 696 696 696 696 696 696 696 696 696 696 696 696 696 696 696 696 696 696 696 696 696
744 744 744 744 744 744 744 744 744 744 744 744 744 744 744 744 744 744 744 744 744 744 744 744 744 744 744 744
792 792 792 792 792 792 792 792 792 792 792 792 792 792 792 792 792 792 792 792 792 792 792 792 792 792 792 792
840 840 840 840 840 840 840 840 840 840 840 840 840 840 840 840 840 840 840 840 840 840 840 840 840 840 840 840
888 888 888 888 888 888 888 888 888 888 888 888 888 888 888 888 888 888 888 888 888 888 888 888 888 888 888 888
936 936 936 936 936 936 936 936 936 936 936 936 936 936 936 936 936 936 936 936 936 936 936 936 936 936 936 936
984 984 984 984 984 984 984 984 984 984 984 984 984 984 984 984 984 984 984 984 984 984 984 984 984 984 984 984
1032 1032 1032 1032 1032 1032 1032 1032 1032 1032 1032 1032 1032 1032 1032 1032 1032 1032 1032 1032 1032 1032 1032 1032 1032 1032 1032 1032
1080 1080 1080 1080 1080 1080 1080 1080 1080 1080 1080 1080 1080 1080 1080 1080 1080 1080 1080 1080 1080 1080 1080 1080 1080 1080 1080 1080
1128 1128 1128 1128 1128 1128 1128 1128 1128 1128 1128 1128 1128 1128 1128 1128 1128 1128 1128 1128 1128 1128 1128 1128 1128 1128 1128 1128
1176 1176 1176 1176 1176 1176 1176 1176 1176 1176 1176 1176 1176 1176 1176 1176 1176 1176 1176 1176 1176 1176 1176 1176 1176 1176 1176 1176
1224 1224 1224 1224 1224 1224 1224 1224 1224 1224 1224 1224 1224 1224 1224 1224 1224 1224 1224 1224 1224 1224 1224 1224 1224 1224 1224 1224
1272 1272 1272 1272 1272 1272 1272 1272 1272 1272 1272 1272 1272 1272 1272 1272 1272 1272 1272 1272 1272 1272 1272 1272 1272 1272 1272 1272
1320 1320 1320 1320 1320 1320 1320 1320 1320 1320 1320 1320 1320 1320 1320 1320 1320 1320 1320 1320 1320 1320 1320 1320 1320 1320 1320 1320
1368 1368 1368 1368 1368 1368 1368 1368 1368 1368 1368 1368 1368 1368 1368 1368 1368 1368 1368 1368 1368 1368 1368 1368 1368 1368 1368 1368
1416 1416 1416 1416 1416 1416 1416 1416 1416 1416 1416 1416 1416 1416 1416 1416 1416 1416 1416 1416 1416 1416 1416 1416 1416 1416 1416 1416
1464 1464 1464 1464 1464 1464 1464 1464 1464 1464 1464 1464 1464 1464 1464 1464 1464 1464 1464 1464 1464 1464 1464 1464 1464 1464 1464 1464
1512 1512 1512 1512 1512 1512 1512 1512 1512 1512 1512 1512 1512 1512 1512 1512 1512 1512 1512 1512 1512 1512 1512 1512 1512 1512 1512 1512
1560 1560 1560 1560 1560 1560 1560 1560 1560 1560 1560 1560 1560 1560 1560 1560 1560 1560 1560 1560 1560 1560 1560 1560 1560 1560 1560 1560
1608 1608 1608 1608 1608 1608 1608 1608 1608 1608 1608 1608 1608 1608 1608 1608 1608 1608 1608 1608 1608 1608 1608 1608 1608 1608 1608 1608
1656 1656 1656 1656 1656 1656 1656 1656 1656 1656 1656 1656 1656 1656 1656 1656 1656 1656 1656 1656 1656 1656 1656 1656 1656 1656 1656 1656
1704 1704 1704 1704 1704 1704 1704 1704 1704 1704 1704 1704 1704 1704 1704 1704 1704 1704 1704 1704 1704 1704 1704 1704 1704 1704 1704 1704
1752 1752 1752 1752 1752 1752 1752 1752 1752 1752 1752 1752 1752 1752 1752 1752 1752 1752 1752 1752 1752 1752 1752 1752 1752 1752 1752 1752
1800 1800 1800 1800 1800 1800 1800 1800 1800 1800 1800 1800 1800 1800 1800 1800 1800 1800 1800 1800 1800 1800 1800 1800 1800 1800 1800 1800
1848 1848 1848 1848 1848 1848 1848 1848 1848 1848 1848 1848 1848 1848 1848 1848 1848 1848 1848 1848 1848 1848 1848 1848 1848 1848 1848 1848
552 552 552 552 552 552 552 552 552 552 552 552 552 552 552 552 552 552 552 552 552 552 552 552 552 552 552 552
600 600 600 600 600 600 600 600 600 600 600 600 600 600 600 600 600 600 600 600 600 600 600 600 600 600 600 600
648 648 648 648 648 648 648 648 648 648 648 648 648 648 648 648 648 648 648 648 648 648 648 648 648 648 648 648
696 696 696 696 696 696 696 696 696 696 696 696 696 696 696 696 696 696 696 696 696 696 696 696 696 696 696 696
744 744 744 744 744 744 744 744 744 744 744 744 744 744 744 744 744 744 744 744 744 744 744 744 744 744 744 744
792 792 792 792 792 792 792 792 792 792 792 792 792 792 792 792 792 792 792 792 792 792 792 792 792 792 792 792
840 840 840 840 840 840 840 840 840 840 840 840 840 840 840 840 840 840 840 840 840 840 840 840 840 840 840 840
888 888 888 888 888 888 888 888 888 888 888 888 888 888 888 888 888 888 888 888 888 888 888 888 888 888 888 888
936 936 936 936 936 936 936 936 936 936 936 936 936 936 936 936 936 936 936 936 936 936 936 936 936 936 936 936
984 984 984 984 984 984 984 984 984 984 984 984 984 984 984 984 984 984 984 984 984 984 984 984 984 984 984 984
1032 1032 1032 1032 1032 1032 1032 1032 1032 1032 1032 1032 1032 1032 1032 1032 1032 1032 1032 1032 1032 1032 1032 1032 1032 1032 1032 1032
1080 1080 1080 1080 1080 1080 1080 1080 1080 1080 1080 1080 1080 1080 1080 1080 1080 1080 1080 1080 1080 1080 1080 1080 1080 1080 1080 1080
1128 1128 1128 1128 1128 1128 1128 1128 1128 1128 1128 1128 1128 1128 1128 1128 1128 1128 1128 1128 1128 1128 1128 1128 1128 1128 1128 1128
1176 1176 1176 1176 1176 1176 1176 1176 1176 1176 1176 1176 1176 1176 1176 1176 1176 1176 1176 1176 1176 1176 1176 1176 1176 1176 1176 1176
1224 1224 1224 1224 1224 1224 1224 1224 1224 1224 1224 1224 1224 1224 1224 1224 1224 1224 1224 1224 1224 1224 1224 1224 1224 1224 1224 1224
1272 1272 1272 1272 1272 1272 1272 1272 1272 1272 1272 1272 1272 1272 1272 1272 1272 1272 1272 1272 1272 1272 1272 1272 1272 1272 1272 1272
1320 1320 1320 1320 1320 1320 1320 1320 1320 1320 1320 1320 1320 1320 1320 1320 1320 1320 1320 1320 1320 1320 1320 1320 1320 1320 1320 1320
1368 1368 1368 1368 1368 1368 1368 1368 1368 1368 1368 1368 1368 1368 1368 1368 1368 1368 1368 1368 1368 1368 1368 1368 1368 1368 1368 1368
1416 1416 1416 1416 1416 1416 1416 1416 1416 1416 1416 1416 1416 1416 1416 1416 1416 1416 1416 1416 1416 1416 1416 1416 1416 1416 1416 1416
1464 1464 1464 1464 1464 1464 1464 1464 1464 1464 1464 1464 1464 1464 1464 1464 1464 1464 1464 1464 1464 1464 1464 1464 1464 1464 1464 1464
1512 1512 1512 1512 1512 1512 1512 1512 1512 1512 1512 1512 1512 1512 1512 1512 1512 1512 1512 1512 1512 1512 1512 1512 1512 1512 1512 1512
1560 1560 1560 1560 1560 1560 1560 1560 1560 1560 1560 1560 1560 1560 1560 1560 1560 1560 1560 1560 1560 1560 1560 1560 1560 1560 1560 1560
1608 1608 1608 1608 1608 1608 1608 1608 1608 1608 1608 1608 1608 1608 1608 1608 1608 1608 1608 1608 1608 1608 1608 1608 1608 1608 1608 1608
1656 1656 1656 1656 1656 1656 1656 1656 1656 1656 1656 1656 1656 1656 1656 1656 1656 1656 1656 1656 1656 1656 1656 1656 1656 1656 1656 1656
1704 1704 1704 1704 1704 1704 1704 1704 1704 1704 1704 1704 1704 1704 1704 1704 1704 1704 1704 1704 1704 1704 1704 1704 1704 1704 1704 1704
1752 1752 1752 1752 1752 1752 1752 1752 1752 1752 1752 1752 1752 1752 1752 1752 1752 1752 1752 1752 1752 1752 1752 1752 1752 1752 1752 1752
1800 1800 1800 1800 1800 1800 1800 1800 1800 1800 1800 1800 1800 1800 1800 1800 1800 1800 1800 1800 1800 1800 1800 1800 1800 1800 1800 1800
1848 1848 1848 1848 1848 1848 1848 1848 1848 1848 1848 1848 1848 1848 1848 1848 1848 1848 1848 1848 1848 1848 1848 1848 1848 1848 1848 1848