stage0.0.convs.0.0.weight
-0.0011686108773574233
-0.005005110986530781
0.002716658404096961
-0.02972852997481823
0.09047280251979828
0.10549487173557281
-0.02417110465466976
0.14409059286117554
0.18230681121349335
-0.030520034953951836
-0.021587831899523735
0.038021136075258255
-0.05047006532549858
0.19017960131168365
0.19674232602119446
-0.025593357160687447
0.24373368918895721
0.2823053002357483
-0.003031699685379863
0.004392057191580534
0.0129171684384346
-0.0024953775573521852
0.047833558171987534
0.04183121398091316
0.004449588246643543
0.053217437118291855
0.06943771243095398
-0.014223096892237663
-0.004953168798238039
0.04267225041985512
0.003948964178562164
-0.06628566980361938
-0.0014478502562269568
0.016132134944200516
0.002508544595912099
-0.03211727738380432
0.04520067572593689
0.07376515120267868
0.02306560054421425
0.07397812604904175
0.16034989058971405
0.1110336035490036
0.015056255273520947
0.08824441581964493
0.07024746388196945
-0.042099595069885254
-0.052398428320884705
-0.07585260272026062
-0.061393123120069504
-0.11391732096672058
-0.09414651244878769
-0.04118013754487038
-0.06653595715761185
-0.057831425219774246
0.00471879867836833
0.10667712986469269
0.09239610284566879
0.015772758051753044
0.18342836201190948
0.15532253682613373
0.002748300088569522
0.07775168865919113
0.08507421612739563
-0.006061128806322813
-0.022161150351166725
-0.037534259259700775
-0.00526017788797617
-0.03169282153248787
-0.05181759595870972
0.01476345770061016
-0.02779664471745491
-0.026430675759911537
-0.004883707966655493
-0.06971260160207748
-0.06514901667833328
-0.02274452894926071
-0.1373942643404007
-0.10554010421037674
0.0010425921063870192
-0.07136945426464081
-0.040931884199380875
-0.015326019376516342
-0.008190702646970749
0.009667220525443554
0.035289980471134186
0.10340497642755508
0.06817933917045593
-0.01874753087759018
-0.09423186630010605
-0.08127447962760925
-0.02364426851272583
-0.014383640140295029
0.012333559803664684
0.05769512057304382
0.19134150445461273
0.1131039708852768
-0.039282720535993576
-0.1671176701784134
-0.12576662003993988
-0.010157737880945206
-0.006221800111234188
0.008153868839144707
0.021714355796575546
0.06052834168076515
0.03579989820718765
-0.010099168866872787
-0.05655520781874657
-0.047010816633701324
0.024177635088562965
-0.01902305707335472
0.0071344575844705105
0.07268894463777542
-0.0849425196647644
0.008126471191644669
0.08022555708885193
-0.10134413838386536
0.009329301305115223
0.03193516284227371
-0.03356577083468437
0.003335073357447982
0.14517350494861603
-0.1572035551071167
0.01814652979373932
0.1567867398262024
-0.18005254864692688
0.016436565667390823
0.014503595419228077
-0.013850050047039986
0.003513813018798828
0.04537791758775711
-0.05052248388528824
0.007449707947671413
0.04894736781716347
-0.06529900431632996
0.006688421592116356
0.008661343716084957
-0.020298516377806664
-0.007563358172774315
-0.06480564922094345
-0.14461947977542877
-0.07671352475881577
-0.10346515476703644
-0.1695699244737625
-0.062061458826065063
-0.0003327915328554809
0.02820705808699131
0.012377300299704075
0.05205526202917099
0.14478500187397003
0.07467954605817795
0.09815607964992523
0.15861816704273224
0.0827362909913063
-0.0026421647053211927
-0.00939775537699461
-0.0025975434109568596
-0.0024555809795856476
0.005855921655893326
-0.003361155278980732
0.012956516817212105
-0.0036644337233155966
-0.012453746050596237
-0.007796125952154398
0.01278704684227705
0.016793206334114075
0.016759224236011505
-0.00042366411071270704
0.012291939929127693
0.028547711670398712
0.02604336105287075
-0.0017109168693423271
-0.003932361491024494
-0.0274568609893322
-0.03522849828004837
-0.07582172751426697
-0.16195639967918396
-0.060946475714445114
-0.10127252340316772
-0.17707225680351257
-0.07796682417392731
0.011803923174738884
0.037093643099069595
0.005448891315609217
0.05443590506911278
0.1310950368642807
0.08328106254339218
0.07661642879247665
0.15491925179958344
0.07004052400588989
-0.028363775461912155
-0.015063419006764889
0.014155538752675056
-0.0013714469969272614
-0.06303434818983078
-0.02250753529369831
0.009201744571328163
0.007156269624829292
-0.04693610966205597
0.055797021836042404
0.08224210143089294
0.03575534000992775
0.07099362462759018
0.16246654093265533
0.12261779606342316
0.02446966990828514
0.07990992069244385
0.07354120910167694
-0.03637181594967842
-0.054922014474868774
-0.0450635589659214
-0.06330793350934982
-0.12322445958852768
-0.09655040502548218
-0.03924941644072533
-0.06661055237054825
-0.03970564529299736
-0.012781466357409954
0.008214136585593224
0.0310923270881176
-0.07420450448989868
-0.13314221799373627
-0.006939900107681751
0.08761454373598099
0.1187468096613884
-0.015803830698132515
-0.01772981323301792
-0.005759875290095806
0.038909122347831726
-0.1034841313958168
-0.21133515238761902
-0.031664345413446426
0.11851426959037781
0.18754445016384125
-0.005822446197271347
-0.009165018796920776
0.009383789263665676
0.022174686193466187
-0.03798406943678856
-0.08357719331979752
0.006088383495807648
0.059702105820178986
0.07765404880046844
-0.013815616257488728
-0.024511687457561493
-0.11031873524188995
-0.059904783964157104
-0.01733461394906044
-0.1994599848985672
-0.1481056660413742
0.030188634991645813
-0.041442930698394775
-0.07943578064441681
-0.03373241052031517
-0.20361396670341492
-0.09963451325893402
-0.0018100189045071602
-0.34136953949928284
-0.23423807322978973
0.051038507372140884
-0.052227433770895004
-0.0965808853507042
-0.022213349118828773
-0.021852973848581314
-0.027921630069613457
-0.015099204145371914
-0.0695633515715599
-0.06410527229309082
0.01546255312860012
-0.017375608906149864
-0.03926819935441017
0.00812576524913311
0.018533185124397278
-0.012483501806855202
0.0671730488538742
0.15113580226898193
0.06987711042165756
0.10199352353811264
0.16340607404708862
0.06800399720668793
-0.009112078696489334
-0.0010449773399159312
0.003971089608967304
-0.0008068684255704284
-0.0030478539410978556
0.0051698689348995686
0.00781640037894249
0.016696155071258545
0.009981340728700161
0.004056326113641262
-0.010626385919749737
0.00427402276545763
-0.0762624517083168
-0.15326815843582153
-0.057023026049137115
-0.09661678969860077
-0.17582595348358154
-0.07626542448997498
-0.03015895001590252
-0.07628371566534042
-0.055061161518096924
-0.0631609559059143
-0.14985160529613495
-0.11077270656824112
-0.030760612338781357
-0.07234901934862137
-0.07800706475973129
0.04443768784403801
0.06815425306558609
0.02626439742743969
0.07535626739263535
0.10668592154979706
0.08370938152074814
0.03550805151462555
0.0632719099521637
0.05616559833288193
-0.010650978423655033
0.018749339506030083
0.013431249186396599
-0.004400391131639481
0.013891979120671749
0.03730010986328125
-0.011455794796347618
0.006993252318352461
0.030583124607801437
-0.009409892372786999
-0.0769403725862503
-0.08433174341917038
0.08698610216379166
0.06559625267982483
-0.08761650323867798
0.015572675503790379
0.07936128228902817
0.01584213227033615
-0.007590113207697868
-0.14039579033851624
-0.15525449812412262
0.1365584135055542
0.12981684505939484
-0.12150757014751434
0.01110847294330597
0.12170153856277466
0.023781076073646545
-0.009989708662033081
-0.05032268166542053
-0.049555353820323944
0.05385802686214447
0.04412209987640381
-0.056255750358104706
0.008559918031096458
0.04613475874066353
0.009466087445616722
0.02759355679154396
-0.04694988206028938
0.01490401104092598
0.09210747480392456
-0.10563291609287262
0.03299006074666977
0.07744342088699341
-0.12446858733892441
0.03294418379664421
0.04291480407118797
-0.06066523864865303
0.020425841212272644
0.11936993151903152
-0.14528010785579681
0.037082552909851074
0.10005062073469162
-0.1497228890657425
0.03595246002078056
0.016322754323482513
-0.034166157245635986
0.012225626967847347
0.0655449777841568
-0.07649369537830353
0.02780953422188759
0.047517627477645874
-0.0850815698504448
0.027876295149326324
0.0011437101056799293
-0.014541844837367535
0.013373569585382938
0.010489420965313911
-0.08296549320220947
0.07649649679660797
0.008332610130310059
-0.0939599871635437
0.0838974118232727
0.0044093006290495396
-0.03440149873495102
0.024967104196548462
0.007039985619485378
-0.14492999017238617
0.1385793834924698
0.0067782532423734665
-0.15843430161476135
0.15651622414588928
0.0006829273188486695
-0.008920103311538696
0.008543233387172222
0.006010310258716345
-0.0520937480032444
0.0482785739004612
0.006507298443466425
-0.051898933947086334
0.045984990894794464
0.033264633268117905
-0.02197902649641037
0.01584855280816555
-0.061887986958026886
-0.11692222207784653
0.1434973180294037
-0.04790738597512245
-0.049319665879011154
0.0757361575961113
0.02948603592813015
-0.06114298477768898
0.003137388499453664
-0.013006051070988178
-0.1876675933599472
0.16707924008369446
-0.031423699110746384
-0.08027137815952301
0.06326562911272049
0.00835325475782156
-0.035155490040779114
0.001273897709324956
-0.039617832750082016
-0.08495736867189407
0.08044807612895966
-0.04950232803821564
-0.046894192695617676
0.05029984936118126
-0.057644039392471313
-0.07392466813325882
-0.05002819746732712
-0.07698945701122284
-0.11933986097574234
-0.09098905324935913
-0.04575954005122185
-0.06484661251306534
-0.07612653076648712
0.06147482991218567
0.07396753132343292
0.03798859193921089
0.07456591725349426
0.11799999326467514
0.09596234560012817
0.031725626438856125
0.07679694145917892
0.054607097059488297
0.002055660355836153
-0.0033622849732637405
0.003701691282913089
0.00590902753174305
-0.008065509609878063
0.01989363320171833
-0.0063041942194104195
0.0029154587537050247
0.008009967394173145
0.01334202941507101
0.06861277669668198
0.07542724907398224
-0.026260981336236
-0.08473872393369675
-0.1202475056052208
0.010376399382948875
0.0239835474640131
0.039706893265247345
0.03263386711478233
0.1068841814994812
0.13111691176891327
-0.042639948427677155
-0.12654350697994232
-0.18570494651794434
0.010207759216427803
0.02826716937124729
0.050684019923210144
0.009178650565445423
0.040123164653778076
0.044091418385505676
-0.021138295531272888
-0.0528663732111454
-0.08110561966896057
0.008428066968917847
0.01949443109333515
0.03148050233721733
0.08634722232818604
0.013074100017547607
-0.05415279045701027
0.024304421618580818
-0.04085026681423187
0.11811839789152145
-0.016714442521333694
0.030613042414188385
0.14201529324054718
0.10931121557950974
0.012001358903944492
-0.0450783334672451
0.07527626305818558
-0.09391412138938904
0.18842734396457672
0.030952947214245796
0.024273579940199852
0.216929093003273
0.0370478481054306
0.027620725333690643
-0.05316712707281113
-0.004624903667718172
0.014574741944670677
0.10418123751878738
-0.05940461903810501
0.036691006273031235
0.10107190907001495
-0.005478420294821262
0.005993233993649483
-0.004777534399181604
0.08127544075250626
0.13113996386528015
0.015405695885419846
0.1493610292673111
0.15882381796836853
-0.025420404970645905
-0.005971786566078663
0.023971524089574814
-0.03133086860179901
0.14074064791202545
0.2433718889951706
0.021421561017632484
0.274685800075531
0.2681971788406372
-0.04788308963179588
-0.0013647334417328238
-0.0021617161110043526
-0.0042204284109175205
0.0401068776845932
0.06190182641148567
0.005621816962957382
0.09496122598648071
0.09523925185203552
-0.013570006005465984
-0.005641662050038576
-0.015393010340631008
-0.061290986835956573
0.0018355202628299594
0.0022196127101778984
0.049812693148851395
-0.0396881140768528
0.004388495814055204
0.3479507565498352
0.01759491302073002
0.0026164574082940817
-0.06020941957831383
0.008499035611748695
-0.01597018353641033
0.01106203906238079
-0.01688683219254017
-0.01444355957210064
0.5872344374656677
0.010038523934781551
-0.02509893849492073
-0.0379338338971138
-0.003986532334238291
-0.00605715112760663
0.05504884198307991
-0.01959841325879097
-0.004892664961516857
0.14011767506599426
0.021565066650509834
0.04572884738445282
0.0219405684620142
0.005399602930992842
-0.03514489158987999
-0.09503787755966187
-0.023283910006284714
-0.11856741458177567
-0.21684563159942627
0.03270043432712555
0.0576053187251091
0.04406318813562393
0.0026470343582332134
-0.0758885070681572
-0.2605205178260803
-0.03350699692964554
-0.17760255932807922
-0.4289347529411316
0.006302147172391415
0.016207609325647354
0.011192728765308857
0.001049218699336052
-0.024035073816776276
-0.052176300436258316
-0.006286398973315954
-0.07258402556180954
-0.09766578674316406
0.11262696981430054
0.06118914112448692
-0.06782237440347672
0.05574857443571091
-0.005641638766974211
-0.11781074851751328
0.03381556272506714
-0.015362192876636982
-0.07880590856075287
0.1725490540266037
0.0986824706196785
-0.09469399601221085
0.07768116146326065
-0.01676330342888832
-0.2122310847043991
0.06581618636846542
-0.02036680094897747
-0.08071613311767578
0.07847639173269272
0.04993169754743576
-0.03649589791893959
0.034484587609767914
-0.00832359865307808
-0.06526414304971695
0.03061947412788868
-0.007114368956536055
-0.0439598448574543
0.031427253037691116
0.002438279101625085
-0.010517607443034649
0.012950613163411617
-0.020520010963082314
-0.11845766007900238
-0.003608880564570427
0.039464179426431656
-0.06328466534614563
-0.01684134267270565
-0.058832522481679916
-0.08026832342147827
-0.0040019904263317585
-0.11624788492918015
-0.6977989673614502
-0.007069771643728018
-0.008110160939395428
-0.14395883679389954
0.032278839498758316
0.009278472512960434
-0.002342877211049199
0.03927217796444893
-0.057064447551965714
-0.1736513078212738
0.03655453398823738
0.017522510141134262
-0.08282091468572617
stage0.0.convs.0.0.bias
1.3581032752990723
0.9329904317855835
3.313857316970825
-0.4860821068286896
0.15115150809288025
2.0026895999908447
-0.6161922216415405
-1.0120587348937988
-0.18490804731845856
-0.6494247317314148
0.2561761438846588
2.2902934551239014
1.2503730058670044
-1.5220227241516113
0.8862988352775574
1.5226314067840576
0.5185602307319641
0.8850813508033752
0.07090792804956436
-0.7642162442207336
0.1842808872461319
-2.9824955463409424
-0.21621173620224
-2.345752477645874
stage0.0.convs.0.1.weight
1.5311475992202759
5.898496150970459
2.8706281185150146
2.1554882526397705
6.043556213378906
2.654545545578003
1.8385236263275146
3.3047425746917725
2.3992998600006104
1.5038692951202393
3.6691505908966064
2.949031352996826
7.860506534576416
2.589426040649414
2.3004472255706787
1.760724663734436
4.112124919891357
4.8701629638671875
1.581353783607483
1.484053611755371
0.8794970512390137
1.0808357000350952
3.7788374423980713
2.2363858222961426
stage0.0.convs.0.1.bias
-2.336214542388916
0.5422211289405823
0.7894401550292969
-0.6921628713607788
0.11197730153799057
-0.8706679940223694
-1.4057495594024658
0.33955857157707214
0.6382879614830017
-1.464821219444275
0.45850884914398193
-0.4256656765937805
0.26163750886917114
0.3762451112270355
-1.0766609907150269
1.0752146244049072
-0.37462764978408813
0.1603543758392334
-1.2038747072219849
2.6224167346954346
-2.398859739303589
-1.9676955938339233
0.26823312044143677
-0.641219973564148
stage0.0.convs.0.1.running_mean
1.3486194610595703
0.8950538039207458
3.249645709991455
-0.4860095679759979
0.15109236538410187
2.028003454208374
-0.5789951682090759
-1.0435702800750732
-0.18330243229866028
-0.6335909366607666
0.1875091791152954
2.3243985176086426
1.249843716621399
-1.5217722654342651
0.8865393996238708
1.5168354511260986
0.547105610370636
0.8848333954811096
0.06851868331432343
-0.7724612951278687
0.17634162306785583
-2.9757750034332275
-0.21319085359573364
-2.3479654788970947
stage0.0.convs.0.1.running_var
3.1414949893951416
0.12229815125465393
0.29141587018966675
0.028100894764065742
0.029189689084887505
0.13644985854625702
0.1310179978609085
0.10842377692461014
0.030161917209625244
4.955052375793457
0.30232879519462585
0.15331391990184784
0.06615512073040009
0.02584475837647915
0.022620081901550293
0.12641416490077972
0.1428697407245636
0.022889044135808945
1.3956265449523926
3.760756731033325
1.2091875076293945
2.929360866546631
0.09046890586614609
2.982875108718872
stage0.0.convs.0.1.num_batches_tracked
0
stage0.1.conv_local.conv.weight
0.04678165167570114
0.09098375588655472
0.01573961041867733
0.011392353102564812
0.013136887922883034
0.0037984082009643316
-0.05690387636423111
-0.10763642936944962
-0.017251670360565186
0.00261011254042387
0.01695600338280201
0.003441811539232731
0.09175368398427963
-0.2577507793903351
-0.0005587305640801787
-0.004706541076302528
0.026628166437149048
-0.01029704138636589
0.00935410801321268
-0.00896220002323389
-0.009189264848828316
0.1353844255208969
-0.023260435089468956
-0.09551393240690231
0.09597904980182648
-0.026675421744585037
-0.07130841910839081
0.0006523415795527399
0.03843998536467552
0.021691789850592613
0.04571051150560379
-0.28219136595726013
0.008871708996593952
0.018958140164613724
0.015549982897937298
0.004080891143530607
-0.000165460558491759
0.008660666644573212
0.045975979417562485
0.0037280551623553038
0.0673309862613678
-0.27865034341812134
-0.000540627574082464
0.034111618995666504
0.009672137908637524
-0.007365463301539421
-0.12461011856794357
-0.04272245615720749
-0.0075663249008357525
-0.020428797230124474
0.0002341889776289463
0.01602194271981716
0.14579595625400543
0.041238926351070404
-0.01050383597612381
-0.11260555684566498
-0.03714984655380249
-0.005738575477153063
-0.053146280348300934
-0.009200522676110268
0.020260216668248177
0.15980637073516846
0.04817022383213043
0.00034383099409751594
-0.02534012496471405
-0.004492463544011116
-0.10488831251859665
0.2127307653427124
0.00024208970717154443
0.0039006341248750687
-0.008888225071132183
-0.00039698611362837255
0.014159636572003365
0.00027032391517423093
-0.010906266048550606
-0.03037491999566555
-0.17935171723365784
0.11953429132699966
0.009282752871513367
0.1276269257068634
0.0013918671756982803
0.0049955700524151325
0.0030684927478432655
-0.008645736612379551
0.08459631353616714
-0.010395398363471031
-0.07414058595895767
0.07344858348369598
0.001568772830069065
-0.07455664873123169
-0.015748469159007072
-0.11432600021362305
-0.04416016489267349
-0.006258876528590918
-0.02505243942141533
-0.012873039580881596
0.023349622264504433
0.14111928641796112
0.05412562936544418
-0.003852955996990204
0.03758687898516655
0.010523969307541847
0.10053354501724243
-0.2045976221561432
-0.03853156790137291
0.005903087090700865
0.004471556283533573
0.008921783417463303
0.002108493121340871
-0.007353076245635748
0.0048982081934809685
-0.0011345716193318367
-0.18597155809402466
6.831557402620092e-05
0.0035168775357306004
0.19952158629894257
-0.018987394869327545
0.0024518414866179228
-0.010778592899441719
-0.061187539249658585
-0.005670470185577869
-0.02975952997803688
0.25962209701538086
8.198179421015084e-05
-0.01888512261211872
-0.023515138775110245
0.0007918945048004389
0.052678149193525314
0.01761632040143013
0.0488719642162323
-0.28366491198539734
-0.026537995785474777
0.013173258863389492
0.012370536103844643
0.016681406646966934
-0.025898674502968788
-0.044604767113924026
-0.014751110225915909
-0.011143168434500694
0.2772410213947296
0.009194116108119488
-0.03633590042591095
-0.0019161573145538568
0.006039372645318508
0.0026730368845164776
0.01837601326406002
0.004894241224974394
-0.10559817403554916
0.27609264850616455
-0.012025566771626472
0.01012397836893797
-0.0068820323795080185
0.003340536030009389
-0.01013937871903181
0.012390525080263615
0.00038876099279150367
0.001125092152506113
0.018987411633133888
0.029769718647003174
0.10240061581134796
-0.27646616101264954
-0.019285978749394417
0.015775756910443306
0.025175508111715317
0.023585766553878784
0.08348099887371063
-0.2945896089076996
0.011281940154731274
-0.013554328121244907
0.007490229792892933
0.027411285787820816
0.0019223488634452224
-0.08503849804401398
-0.051590632647275925
-0.010694756172597408
-0.02205068990588188
-0.015010731294751167
0.010587465018033981
0.10525374859571457
0.06713497638702393
0.06550485640764236
0.012314395047724247
-0.00929675530642271
0.9032893180847168
0.0286713857203722
-0.029925920069217682
-0.041018854826688766
0.00854417122900486
-0.0033689728006720543
-0.021952303126454353
0.03380865231156349
-0.009837394580245018
-0.12070418894290924
0.092183418571949
0.025227529928088188
-0.009295856580138206
0.027186492457985878
-0.016967054456472397
0.004859733860939741
-0.029561318457126617
0.01877555437386036
-0.006934094242751598
-0.1574368178844452
0.04002032428979874
0.001639006775803864
0.1833101361989975
-0.05012121424078941
0.004981405101716518
-0.02878035604953766
-0.023266924545168877
-0.003797942539677024
0.5238527059555054
0.009332260116934776
0.01777513138949871
-0.027093585580587387
-0.019186625257134438
stage0.1.conv_local.norm.weight
11.123453140258789
3.8707118034362793
13.034469604492188
4.344779968261719
4.930491924285889
5.399627208709717
5.284665107727051
3.6063015460968018
1.0847119092941284
8.034111976623535
5.899325847625732
1.7286444902420044
12.382713317871094
13.15676212310791
3.3493666648864746
4.65665864944458
2.285862922668457
2.0947489738464355
1.2336015701293945
10.464669227600098
2.9132635593414307
5.492697715759277
1.5888030529022217
3.7371087074279785
stage0.1.conv_local.norm.bias
1.9565342664718628
-0.10570569336414337
1.9383128881454468
2.429370880126953
1.7087050676345825
1.0667659044265747
0.8991959691047668
1.477243185043335
2.3273422718048096
2.221879243850708
0.9926239848136902
1.3419134616851807
2.0725815296173096
1.251461386680603
1.966683030128479
0.7015753388404846
0.9088197946548462
2.207280158996582
3.8806381225585938
1.8898953199386597
-4.312369346618652
2.0226528644561768
2.123260259628296
-4.002384662628174
stage0.1.conv_local.norm.running_mean
-0.00040212812018580735
-0.07209515571594238
0.004274636507034302
0.0899273157119751
-0.012323794886469841
-0.0005785448011010885
0.0010043680667877197
0.025307519361376762
0.031598322093486786
0.0001700302673270926
0.0003585033118724823
0.034104570746421814
-0.0032550839241594076
0.042125824838876724
0.16108031570911407
0.17148908972740173
-0.07167515903711319
-0.02431405708193779
0.13969974219799042
-2.4089911676128395e-05
-2.2223076820373535
-0.0019680510740727186
0.0012922105379402637
-0.2915075719356537
stage0.1.conv_local.norm.running_var
0.014090021140873432
0.7157963514328003
0.057981766760349274
0.35083281993865967
2.522006034851074
0.05418870970606804
0.031955938786268234
0.09114581346511841
0.3422989547252655
0.010103808715939522
0.09089923650026321
0.07615000754594803
3.801438808441162
0.3236719071865082
0.38353216648101807
0.12521512806415558
0.6522907614707947
1.417371392250061
0.04195038601756096
0.013118102215230465
0.7128684520721436
0.0032321137841790915
0.45046401023864746
1.0563689470291138
stage0.1.conv_local.norm.num_batches_tracked
0
stage0.1.se.conv_reduce.weight
0.17901591956615448
-0.042242005467414856
-0.05241154879331589
-0.009089190512895584
-0.04791043698787689
0.045718297362327576
0.04508554935455322
-0.028559617698192596
0.021998655050992966
0.0001875639718491584
0.018236754462122917
-0.06811585277318954
-0.0047423648647964
-0.03765496239066124
-0.04512675479054451
0.05582732334733009
-0.03581321984529495
0.04653133824467659
-0.02358592301607132
-0.47049087285995483
0.17158666253089905
-0.17316941916942596
0.0018990689422935247
0.028825903311371803
-0.538316547870636
-0.3904184401035309
-0.4639163017272949
-0.015008787624537945
-0.0677424818277359
-0.3795410990715027
-0.2707298696041107
-0.3551207482814789
0.16962946951389313
-0.5584601163864136
-0.40612807869911194
-0.302455335855484
-0.3823358416557312
-0.7042953968048096
0.00844585057348013
0.42200544476509094
-0.1952865719795227
0.14295761287212372
0.5014903545379639
-0.6009469032287598
-0.06414231657981873
-0.15361399948596954
0.10574345290660858
-2.3345373847405426e-05
-0.6453424096107483
-0.54689621925354
-0.33749061822891235
-0.013711255975067616
-0.09665744006633759
-0.09222874790430069
0.023030072450637817
-0.6323398351669312
0.12098655849695206
-0.4586046636104584
-0.1881038248538971
-0.38964909315109253
-0.3512503504753113
-0.3171689212322235
-0.0012815597001463175
-0.7167980670928955
-0.21491596102714539
0.07989739626646042
0.28288882970809937
-0.5342103242874146
0.23366299271583557
-0.1763177365064621
0.08799127489328384
-2.375113010406494
0.01523347944021225
0.08044567704200745
-0.013866772875189781
0.10379587113857269
0.059550993144512177
0.06349673867225647
0.04506782069802284
0.07958891242742538
0.31575876474380493
0.19962339103221893
-0.02894403412938118
0.14611156284809113
0.0671006515622139
-0.025831811130046844
0.1688797026872635
-0.004435110837221146
0.056038711220026016
0.1709997057914734
-0.10373245179653168
0.09548866748809814
1.4707585573196411
0.2563592493534088
0.38630199432373047
1.0124632120132446
-0.1525791436433792
-0.16256137192249298
0.03367994353175163
0.021816302090883255
0.02669547311961651
0.16889837384223938
0.16643069684505463
-0.10586079955101013
-0.006728566717356443
-0.07536382228136063
-0.03133052587509155
-0.2381477952003479
0.017535461112856865
0.17518091201782227
-0.0017479590605944395
-1.1131712198257446
-0.17157001793384552
0.012830592691898346
-0.1830211579799652
-0.0965716689825058
-0.26557648181915283
-0.08170953392982483
-0.031602390110492706
0.2020191252231598
0.0025760061107575893
-0.056622520089149475
0.027801789343357086
0.11214157193899155
-0.07460718601942062
-0.04631834104657173
-0.03587060049176216
-0.03337511047720909
-0.027477312833070755
0.06964026391506195
0.09328509867191315
-0.053256500512361526
-0.0071678985841572285
-0.15556353330612183
-0.2920544147491455
0.021849319338798523
-0.030389454215765
0.039875321090221405
0.026268433779478073
0.008048873394727707
-0.1752348691225052
0.27550867199897766
0.0200791172683239
-0.19400843977928162
-0.016997000202536583
-0.5382139086723328
-0.6676763892173767
0.019671350717544556
-0.004576544277369976
-0.5126375555992126
-0.3870900571346283
-0.5309587121009827
0.07274605333805084
0.025323884561657906
-0.5992684960365295
-0.45701074600219727
0.018261831253767014
0.042500268667936325
0.0055573671124875546
-0.015951594337821007
-0.29332253336906433
0.06601129472255707
0.1502152532339096
-0.011835242621600628
-0.14662612974643707
0.015260923653841019
0.04310907796025276
0.05964743718504906
-0.22082167863845825
0.009533751755952835
0.03013158030807972
0.11945903301239014
-0.037123702466487885
-0.10332197695970535
-0.09487110376358032
0.009347482584416866
0.053686533123254776
0.07353802025318146
0.01243401225656271
0.049409255385398865
0.045633360743522644
0.03584976866841316
-0.11062769591808319
0.02658706344664097
0.07549209892749786
0.1201884001493454
-0.032216399908065796
-0.16561955213546753
-0.003317211987450719
0.06277009099721909
0.027682963758707047
-0.021040823310613632
-0.04842749610543251
-0.07190891355276108
0.06260235607624054
0.026364708319306374
0.003184328321367502
0.06324660778045654
-0.0017793511506170034
0.03563705086708069
0.05720668286085129
-0.0006921860040165484
0.023222392424941063
0.025356777012348175
-0.02287188358604908
-0.013172807171940804
0.10973908007144928
-0.0016664753202348948
-0.0931515172123909
0.07435055077075958
0.13636474311351776
-0.12385883927345276
0.2982923984527588
-0.09033378958702087
0.07271966338157654
0.19935740530490875
-0.04211198538541794
-0.029203804209828377
0.021891934797167778
-0.6221615076065063
-0.021463418379426003
-0.065438412129879
-0.042442239820957184
-0.02311202883720398
0.04575372114777565
0.08236556500196457
0.04214565455913544
0.005669069942086935
0.10278524458408356
-0.05288947373628616
0.1037590429186821
0.0011011188616976142
0.006131961941719055
-0.21880854666233063
0.009437850676476955
-0.010623650625348091
-0.12038253247737885
0.06022116541862488
-0.17755302786827087
-0.15149803459644318
0.021750828251242638
-0.11150873452425003
-0.11296170204877853
0.03484039008617401
-0.017723849043250084
-0.2822093069553375
-0.3224475383758545
-0.08150660246610641
0.050737883895635605
0.026791416108608246
-0.1736457198858261
-0.024317869916558266
0.0027173059061169624
0.033200252801179886
-0.03032122738659382
0.06075254827737808
-0.08027172088623047
0.06888096034526825
0.05868007242679596
0.023933157324790955
0.029521919786930084
0.04229877516627312
0.020211150869727135
-0.1021374762058258
-0.15429113805294037
-0.01850832998752594
0.019064754247665405
-0.18556824326515198
-0.01975841633975506
-0.1450185924768448
-0.10489478707313538
-0.027948934584856033
0.04136338084936142
-0.01568974182009697
-0.14929145574569702
-0.03630336374044418
-0.4489636719226837
-0.13972064852714539
0.046508532017469406
0.01732596568763256
-0.015856795012950897
-0.016927191987633705
0.145559623837471
-0.11612384021282196
0.18836148083209991
0.07362890243530273
0.011827712878584862
-0.11072118580341339
-0.10261976718902588
-0.04750900715589523
-0.031229069456458092
-0.01837117038667202
0.03128165751695633
0.05052981525659561
0.06307604908943176
-0.029502296820282936
-0.005799183622002602
-0.4607323110103607
0.024604449048638344
-0.07935257256031036
0.0016709717456251383
-0.024622280150651932
0.09981819242238998
0.05436921492218971
-0.030772585421800613
-0.0021746561396867037
-0.020589012652635574
-0.04983532801270485
-0.019646843895316124
0.2537401616573334
0.0023638310376554728
0.06846310943365097
0.01867801696062088
-0.15229664742946625
0.004914149176329374
0.021772878244519234
0.008726919069886208
0.11408622562885284
-0.18745797872543335
-0.13981057703495026
0.04628289118409157
-0.0008265057113021612
0.04195142164826393
0.07880567014217377
-0.008769366890192032
0.01740000955760479
0.009997657500207424
-0.05160113424062729
0.06850509345531464
0.027785781770944595
-0.038220640271902084
0.03829158470034599
0.0724666640162468
-0.019293729215860367
0.031755365431308746
-0.1335037797689438
0.052878718823194504
-0.5270544290542603
-0.05548607185482979
-0.021308448165655136
-0.01803934946656227
0.023529160767793655
-0.11391837894916534
0.09177567064762115
0.00022865137725602835
-0.018470576032996178
-0.0003913505934178829
-0.008213668130338192
-0.0352870412170887
-0.004730210639536381
-0.031350377947092056
0.07305523008108139
0.02243826538324356
-0.01156081072986126
-0.023601923137903214
0.013288497924804688
0.1936398595571518
-0.017099494114518166
-0.0029981641564518213
-0.03357173502445221
-0.023500915616750717
-0.052990611642599106
-0.15913446247577667
0.01015151385217905
-0.019622649997472763
-0.17867165803909302
0.15966075658798218
-0.011032839305698872
0.0025385625194758177
-0.007962134666740894
-0.050137490034103394
-0.4447745978832245
0.0009904649341478944
0.017899468541145325
0.0039203292690217495
-0.082464799284935
-0.0457506887614727
0.015121487900614738
0.03156687691807747
-0.005379390437155962
0.24007566273212433
-0.03490094095468521
-0.00586823932826519
-0.06197114661335945
-0.06092879921197891
-0.012053795158863068
0.028839100152254105
-0.08425040543079376
-0.058600496500730515
0.17391207814216614
-0.025409555062651634
-0.015706971287727356
0.029454128816723824
0.033928174525499344
-0.2827988862991333
0.0072110299952328205
0.15174371004104614
-0.11300937831401825
-0.08191099017858505
-0.0422547310590744
-0.02794696018099785
-0.009772426448762417
0.025414088740944862
-0.06756272166967392
-0.21993663907051086
0.1670529842376709
-0.08349864929914474
-0.20108933746814728
0.02558048442006111
-0.0043078335002064705
0.03129620477557182
0.09525781124830246
0.07353896647691727
-0.016106391325592995
-0.047497570514678955
-0.006352883297950029
-0.08541620522737503
0.015407940372824669
-0.04652277007699013
0.05810675024986267
-0.3214530050754547
0.010046531446278095
-0.03251296654343605
0.02026188373565674
0.049173206090927124
-0.16083256900310516
0.05383990705013275
0.0949123352766037
-0.13426265120506287
0.17911477386951447
0.08717066049575806
-0.2048177272081375
0.020302508026361465
-0.005276249255985022
-0.036233771592378616
-0.028264565393328667
-0.14719758927822113
-0.04341726750135422
-0.08914653211832047
-0.00646374374628067
0.04733402281999588
-0.12921951711177826
0.058188311755657196
0.08332427591085434
-0.05868346616625786
-0.49050673842430115
-0.13443292677402496
0.008068122901022434
0.02092328853905201
0.007712405174970627
0.051850393414497375
-0.012659330852329731
0.24633105099201202
-0.09164686501026154
0.02318062074482441
-0.011695335619151592
-0.028691988438367844
-0.019194647669792175
0.01530495099723339
0.04634987562894821
-0.005191832315176725
-0.023315411061048508
0.04515552520751953
0.014677466824650764
-0.006557120475918055
-0.0004422072961460799
-0.020474491640925407
-0.10447797924280167
0.0013820416061207652
0.0397808663547039
-0.04152354598045349
-0.07800966501235962
-0.12104315310716629
-0.06023546680808067
-0.15563330054283142
-0.009480281732976437
0.06635002046823502
-0.004134566988795996
0.015856750309467316
-0.7344325184822083
-0.008476803079247475
0.07711683213710785
0.005963028408586979
-0.03100111335515976
0.01990816928446293
0.09971142560243607
0.028233665972948074
0.05275271460413933
0.09536060690879822
-0.10079199820756912
0.051632001996040344
0.21297942101955414
-0.023583021014928818
-0.08291728049516678
-0.0689510926604271
0.0550699383020401
0.14920832216739655
-0.03858817741274834
-0.1702553927898407
-0.030160164460539818
0.29526740312576294
-0.040733903646469116
0.04890106990933418
-0.0841430127620697
0.011567343957722187
-0.01780729740858078
-0.06979643553495407
-0.008344858884811401
0.026082422584295273
-0.13311022520065308
0.08302807062864304
0.0010156597709283233
0.020686158910393715
-0.03864714875817299
0.005044267047196627
0.13333870470523834
-0.02365277335047722
-0.007938939146697521
-0.007975315675139427
0.046446386724710464
-0.4713120460510254
0.015933774411678314
-0.014879082329571247
-0.0005685245268978179
-0.01468844898045063
-0.01665722019970417
0.013582843355834484
-0.08540509641170502
-0.022611647844314575
0.04700364172458649
-0.06381908059120178
-0.025465188547968864
-0.03437552601099014
0.12067270278930664
-0.20724254846572876
-0.36025646328926086
0.015079684555530548
-0.026843838393688202
-0.035812124609947205
-0.0128423310816288
-0.02686437778174877
0.007248608861118555
-0.02783350832760334
-0.015282833948731422
-0.0439537838101387
-0.006561472546309233
0.05717025697231293
-0.029114821925759315
0.18982218205928802
-0.0438646636903286
-0.011622724123299122
-0.09324879944324493
-0.3169325888156891
-0.0520041361451149
-0.05056093633174896
0.03988274186849594
-0.02293999120593071
0.06943709403276443
0.09360069036483765
-0.04783882573246956
0.0019055668963119388
0.07231197506189346
-0.02838728204369545
-0.06430022418498993
-0.054044730961322784
-0.03170012682676315
-0.08913934230804443
0.0843246802687645
-0.027146711945533752
0.003150682197883725
0.07564492523670197
0.12288712710142136
0.02498086355626583
-0.260102778673172
-0.003480495186522603
0.019714755937457085
stage0.1.se.conv_reduce.bias
1.327272653579712
6.11743688583374
7.36929988861084
0.7487261295318604
2.0965723991394043
0.6747038960456848
2.982414484024048
0.8201263546943665
0.07909799367189407
2.4900150299072266
1.2461313009262085
2.9906630516052246
1.1107226610183716
1.4983971118927002
0.8750066161155701
1.719577670097351
0.855152428150177
0.8670043349266052
2.344560384750366
1.9508196115493774
1.8431798219680786
1.1591655015945435
1.3443353176116943
0.9199701547622681
stage0.1.se.conv_expand.weight
-0.3016650676727295
0.1798299103975296
0.27465999126434326
-0.11065440624952316
0.11436975747346878
-0.0987096056342125
0.040650252252817154
0.17355883121490479
0.03632213547825813
0.10680080205202103
0.020891111344099045
0.1987304836511612
0.12459751963615417
-0.027459288015961647
-0.023119473829865456
0.01832221820950508
0.045419029891490936
0.05896072834730148
-0.0007356178830377758
0.04728495702147484
0.0010022809728980064
0.016398945823311806
0.04624385014176369
0.4215461015701294
-0.02140258252620697
0.1358644962310791
0.2250732034444809
-0.11548476666212082
0.2542397081851959
0.07363524287939072
0.4475517272949219
-0.014465254731476307
0.09999160468578339
-0.01069699041545391
0.20899857580661774
0.020462138578295708
0.029526863247156143
0.25774040818214417
0.3899993896484375
0.06530982255935669
0.029553143307566643
-0.038531139492988586
0.01714586466550827
0.011309230700135231
-0.16188974678516388
-0.06782528758049011
0.038682833313941956
0.002949443180114031
0.13349272310733795
0.13339674472808838
0.18353964388370514
-0.09972018003463745
0.0904301181435585
-0.11054985225200653
0.2930496335029602
-0.06513562053442001
-0.21520882844924927
-0.04534291848540306
0.14284014701843262
-0.01597657799720764
0.10526276379823685
0.04115599766373634
0.1471402943134308
0.25803181529045105
0.16252188384532928
-0.04930378869175911
-3.807971006608568e-05
0.06215088441967964
-0.0693671777844429
0.13505962491035461
0.10033931583166122
0.15428106486797333
0.08352360129356384
0.20002612471580505
0.2443375140428543
-0.11033189296722412
0.14207397401332855
-0.07590450346469879
0.04689639434218407
-0.11601673811674118
-0.036077722907066345
0.459786593914032
-0.00754485884681344
0.20295794308185577
0.004494247026741505
-0.02365892194211483
0.031166262924671173
0.021016020327806473
0.04635690152645111
0.03628912568092346
0.10979177057743073
0.020997140556573868
0.02737702615559101
0.01930074766278267
0.04712760075926781
0.03153640404343605
0.013521065004169941
0.17258170247077942
0.22642605006694794
-0.10762889683246613
0.15522797405719757
0.1411103755235672
0.053074806928634644
0.024809664115309715
-0.05172198265790939
0.1093754991889
0.013276912271976471
0.09025735408067703
0.012067791074514389
-0.030581902712583542
0.015529251657426357
-0.011422354727983475
0.061622027307748795
-0.011906321160495281
0.1662028282880783
0.03829658776521683
0.017926614731550217
-0.01806958019733429
0.06098448485136032
-0.02728031948208809
0.027870560064911842
0.19268763065338135
0.22835321724414825
-0.14188307523727417
0.1553833931684494
-0.00788441114127636
0.33129775524139404
0.16150477528572083
-0.12300068885087967
0.006957054603844881
0.2108875960111618
0.09621861577033997
0.023701881989836693
-0.096929632127285
-0.045728087425231934
0.17820529639720917
-0.15843456983566284
-0.05458387732505798
-0.008495026268064976
0.10325697064399719
-0.11540183424949646
0.12837351858615875
-0.03910288214683533
-0.07702495902776718
0.05565977096557617
0.19283640384674072
0.23882707953453064
-0.1353723108768463
0.1536332219839096
-0.03576456382870674
0.34071263670921326
0.12475042790174484
-0.08396448194980621
-0.030063003301620483
0.21603761613368988
0.07870601862668991
0.02976462058722973
0.14856979250907898
0.16733190417289734
-0.012886719778180122
-0.0003320393443573266
0.011486885137856007
0.005317338276654482
0.01695413514971733
-0.12434569746255875
-0.06586549431085587
0.16969256103038788
-0.09747246652841568
0.06504998356103897
0.16925199329853058
0.1989394873380661
-0.11870516836643219
0.21769745647907257
-0.004398321267217398
0.37752851843833923
-0.04802834615111351
-0.08086322993040085
0.03637457266449928
0.21203285455703735
0.03261200711131096
-0.022595524787902832
0.20315848290920258
-0.06887608766555786
0.022741829976439476
0.09320907294750214
-0.018752848729491234
0.04149051010608673
0.010081307031214237
-0.1554027497768402
-0.011049369350075722
0.40554410219192505
0.0013892948627471924
0.051369208842515945
0.21688227355480194
0.2738371193408966
-0.13867659866809845
0.15066030621528625
0.03513544425368309
0.07427283376455307
-0.11768769472837448
0.0013291304931044579
0.050145190209150314
-0.005831590853631496
0.1864214390516281
-0.005122245755046606
-0.03129091113805771
0.04032845050096512
0.027564039453864098
-0.035698551684617996
0.19552405178546906
0.1210954338312149
0.03787929192185402
0.0019868137314915657
0.016884541139006615
0.06380743533372879
0.10623731464147568
-0.052181098610162735
0.1803232878446579
0.21273644268512726
-0.11504832655191422
0.1177503764629364
0.06989099085330963
0.056541554629802704
-0.017457986250519753
-0.04667477682232857
-0.10559838265180588
0.0009371929918415844
0.07857842743396759
0.5213546752929688
-0.019024964421987534
0.0259939506649971
0.03611714392900467
0.04480894282460213
0.03562624007463455
0.13473789393901825
0.0010311906225979328
0.05239130184054375
0.05202985554933548
0.05666191875934601
-0.1166875958442688
0.11902536451816559
0.19027577340602875
0.2258848249912262
-0.1066204234957695
0.1444254070520401
-0.2541009187698364
0.273793488740921
-0.0205994825810194
-0.06853677332401276
-0.09233514964580536
0.18430078029632568
0.08157625049352646
0.051744233816862106
0.01062239333987236
0.05879252403974533
0.12006133794784546
0.47497275471687317
0.07475993782281876
-0.057773590087890625
0.04564594477415085
-0.1376715451478958
0.009624372236430645
0.09397853165864944
0.08385934680700302
0.07526945322751999
0.15068426728248596
0.22190029919147491
-0.10732323676347733
0.17400142550468445
0.045592740178108215
0.3905365467071533
-0.028757713735103607
-0.13572801649570465
0.026214556768536568
0.1751825213432312
0.052117690443992615
0.03491978347301483
-0.07873920351266861
0.000799232569988817
0.3102407455444336
-0.05407267063856125
-0.030836602672934532
0.03265891596674919
0.07125844061374664
-0.16288389265537262
-0.06469937413930893
0.03408362343907356
0.06417660415172577
0.06920212507247925
0.1788761168718338
0.22505125403404236
-0.12595488131046295
0.1366630494594574
0.015746932476758957
0.023521950468420982
-0.04423823952674866
-0.020168479532003403
-0.11869443207979202
-0.004135957453399897
0.15876108407974243
0.03791656345129013
-0.008256996050477028
0.03174111992120743
0.021169427782297134
-0.12824797630310059
0.33409199118614197
0.03866502642631531
0.052809007465839386
0.011773784644901752
0.031839292496442795
0.06297679245471954
0.10228084772825241
0.0976741760969162
0.24697944521903992
0.2590460479259491
-0.1382586658000946
0.1864580512046814
0.34325310587882996
0.028326423838734627
-0.13500559329986572
-0.024088775739073753
0.03335405886173248
-0.06577505171298981
0.02039024606347084
-0.052845653146505356
-0.029644373804330826
0.07344447821378708
0.07986614853143692
0.23446348309516907
0.007501035928726196
0.3576241731643677
0.03358864784240723
0.029181597754359245
0.019355246797204018
0.05030350014567375
0.12454124540090561
0.11472464352846146
0.205621138215065
0.24383939802646637
-0.1338149458169937
0.14959587156772614
0.23236685991287231
0.06083223223686218
-0.026985565200448036
-0.07711748033761978
-0.022238360717892647
0.01305744145065546
0.08716847747564316
-0.05749380216002464
-0.04500523582100868
0.03660329058766365
0.019412081688642502
0.05890732258558273
0.055577199906110764
0.19334466755390167
0.06200077012181282
0.06584019958972931
0.023537971079349518
0.05068163573741913
0.14673706889152527
0.0442286841571331
0.10855694115161896
0.6710749864578247
-0.14234942197799683
0.24161396920681
0.006326308008283377
-0.03427755460143089
-0.08943835645914078
0.14027570188045502
-0.0739177018404007
-0.04942484200000763
0.0714980810880661
0.16373637318611145
0.03286128118634224
-0.058334022760391235
0.04017864912748337
0.28821009397506714
-0.13740520179271698
0.08987471461296082
0.1648542582988739
-0.02197221852838993
-0.01886577345430851
0.06269749999046326
-0.04444461315870285
-0.0017053409246727824
0.13855542242527008
0.18987664580345154
-0.08333471417427063
0.14665472507476807
0.08452983945608139
0.41235363483428955
-0.0920720025897026
0.055050477385520935
-0.007597941439598799
0.19747966527938843
0.044869840145111084
0.013486646115779877
-0.09685054421424866
-0.08608657121658325
0.12542051076889038
-0.06636437028646469
-0.045811060816049576
0.013220202177762985
0.14350412786006927
-0.208517387509346
0.4109044373035431
0.07350751012563705
-0.004325562622398138
0.06046510860323906
0.20263546705245972
0.25625765323638916
-0.12223195284605026
0.139728844165802
-0.0068552205339074135
0.05473768338561058
-0.11630481481552124
-0.019738830626010895
0.18066319823265076
-0.0065461709164083
0.17190660536289215
-0.03915503993630409
-0.027619631960988045
0.029182210564613342
0.02943800389766693
-0.002554367994889617
0.16286447644233704
0.10840313881635666
0.04674791172146797
0.004377840086817741
0.009462045505642891
0.05052608624100685
0.08649752289056778
-0.04415496438741684
-0.05355484038591385
0.11341206729412079
-0.0009712385362945497
0.21839134395122528
0.0013149692676961422
-0.004303689114749432
0.025508413091301918
-0.09637368470430374
0.02624913863837719
-0.012928999960422516
0.012406435795128345
-0.0972069501876831
0.049573563039302826
0.0007358517614193261
0.0143179502338171
-0.008854750543832779
0.012535047717392445
0.001882677897810936
0.25159937143325806
0.06410279124975204
0.008512388914823532
0.0061809164471924305
-0.015076844021677971
0.5087650418281555
0.17614008486270905
0.2668529152870178
-0.12612807750701904
0.11476975679397583
-0.05542172119021416
0.034635644406080246
0.15599918365478516
0.06500815600156784
0.06428546458482742
0.0017827039118856192
0.1653129607439041
0.010441863909363747
-0.026617128401994705
-0.008176255971193314
0.022394105792045593
0.049255404621362686
0.03853945434093475
0.04605076089501381
0.00310547836124897
0.007866197265684605
0.013914636336266994
0.05558224394917488
-0.23066219687461853
-0.014034643769264221
0.18740756809711456
0.083230160176754
-0.16504505276679993
0.08978938311338425
0.005549822933971882
0.10036875307559967
0.0449153296649456
-0.12300608307123184
-0.07071209698915482
0.05712912604212761
0.07577662914991379
0.037290219217538834
-0.11005029082298279
-0.13260094821453094
-0.1763300895690918
0.12468243390321732
0.002450009109452367
0.16180624067783356
0.01918165571987629
-0.06377160549163818
-0.06814809888601303
-0.11628197133541107
-0.050916243344545364
0.1852473020553589
0.18725724518299103
0.24012391269207
-0.16117088496685028
0.13572537899017334
-0.036628276109695435
0.05233495309948921
0.000718973926268518
0.011173808947205544
-0.09850931912660599
-0.007494217716157436
0.054572977125644684
-0.13898299634456635
0.0072729745879769325
0.019659701734781265
0.04875481501221657
-0.020112773403525352
-0.045291718095541
0.1537720412015915
0.013081631623208523
0.05825529992580414
0.04135269299149513
0.06299696117639542
0.2944863438606262
0.0545070543885231
0.22031258046627045
0.28286802768707275
-0.12595798075199127
0.15972234308719635
0.03974175080657005
0.08225015550851822
-0.03401517495512962
-0.027970369905233383
0.34985098242759705
0.007555674761533737
0.17600300908088684
-0.002890796633437276
-0.04844033718109131
0.026015503332018852
0.016786033287644386
0.12194063514471054
-0.05733435973525047
0.16695231199264526
0.015353307127952576
0.03447556868195534
0.005678064189851284
0.05548043176531792
0.0809447392821312
0.08091536909341812
0.07563154399394989
-0.06862187385559082
-0.028405888006091118
0.032619658857584
0.01901174709200859
0.04464159160852432
0.050634708255529404
-0.056436341255903244
0.010038478299975395
0.05102717876434326
0.0017628272762522101
0.0008644810877740383
-0.02756660059094429
0.01532388012856245
-0.05151088535785675
0.04844966530799866
-0.005676148924976587
0.025797616690397263
0.02454529143869877
-0.028212491422891617
-0.03877487778663635
-0.019205186516046524
-0.02118084207177162
stage0.1.se.conv_expand.bias
-3.189866065979004
-2.5603575706481934
-3.731147527694702
-2.457824230194092
-2.833383083343506
-2.62506103515625
-2.9847989082336426
-2.395827293395996
-1.703284502029419
-2.850074529647827
-2.783308506011963
-1.7840501070022583
-3.3245902061462402
-3.6405365467071533
-2.0143070220947266
-2.742466449737549
-2.2229509353637695
-1.8684791326522827
-2.3390510082244873
-3.107600688934326
-0.7453994154930115
-2.28733229637146
-1.8359029293060303
-2.012420177459717
stage0.1.proj.conv.weight
-0.017670439556241035
-0.2859131395816803
0.04326431825757027
0.04248726740479469
0.029449813067913055
0.04390038177371025
0.056344322860240936
-0.20948919653892517
0.07005207240581512
-0.00272925803437829
0.04302625358104706
-0.07794816792011261
0.016767771914601326
0.01040535420179367
-0.0019192345207557082
-0.1007833331823349
0.02757522463798523
0.0691438689827919
0.019068755209445953
-0.031002329662442207
-0.09466234594583511
-0.04161251336336136
0.017682354897260666
0.007873494178056717
-0.008837598375976086
0.013792775571346283
0.004908802919089794
-0.011263325810432434
0.6589338183403015
-0.006114155054092407
-0.002126632258296013
0.01249360479414463
-0.05319787189364433
0.03206755965948105
-0.005483787972480059
-0.007319302763789892
-0.00884338840842247
-0.09881698340177536
0.006770901381969452
0.009543407708406448
-0.013743335381150246
-0.04904794692993164
-0.020406916737556458
-0.003614446148276329
0.01993541046977043
0.048221226781606674
-0.039561063051223755
0.019374879077076912
-0.004767772741615772
-0.0037631907034665346
-0.015099995769560337
-0.027592375874519348
-0.045339107513427734
-0.0011237699072808027
0.004313360434025526
-0.0029965396970510483
-0.035851217806339264
0.010825465433299541
-0.002019808627665043
-0.008010913617908955
-0.007880710996687412
0.021127641201019287
-0.0014880496310070157
-0.06837107241153717
-0.013708548620343208
-0.05283981189131737
0.05389314889907837
-0.019397009164094925
0.07480800896883011
0.5202997922897339
-0.03187902644276619
0.03531191870570183
0.01237789262086153
-0.014487341977655888
-0.005424074828624725
0.0801861360669136
0.0021533716935664415
-0.00528691103681922
0.005233727395534515
-0.013046680018305779
0.09712734818458557
0.006922051776200533
-0.008561539463698864
0.04772047698497772
-0.019412800669670105
0.0028662269469350576
0.012051872909069061
0.08135075867176056
0.06475915759801865
0.04225071519613266
-0.03144323080778122
0.01026290375739336
-0.0006772094056941569
0.019620122388005257
-0.28915077447891235
-0.014953971840441227
-0.0005335478344932199
0.006684967782348394
-8.380496001336724e-05
-0.0004935376346111298
-0.0005859633674845099
0.008253604173660278
-0.0015914643881842494
0.0452374704182148
0.0005362713127397001
0.0004122306127101183
0.0025481802877038717
-0.4251716434955597
-0.0025736337993294
0.0028507038950920105
-0.0012287236750125885
-0.01222667284309864
0.36498916149139404
-0.0023786702658981085
0.004226510878652334
-0.0002121788274962455
-0.011997299268841743
0.0007308163330890238
0.0032530047465115786
-0.012802795507013798
0.0012828840408474207
0.0038283520843833685
-0.002221447415649891
0.00956722255796194
-0.041534412652254105
0.002114111790433526
-0.0021590532269328833
0.0016028375830501318
0.007828942500054836
-0.4599122703075409
0.00216093473136425
0.002090773079544306
0.009943424724042416
0.018234865739941597
0.03397242724895477
0.005595933645963669
-0.00369881559163332
0.0034418683499097824
-0.02227955497801304
0.003386453492566943
-0.01399239432066679
0.14913512766361237
0.0041275606490671635
-0.023478172719478607
-0.0017231205711141229
-5.350754508981481e-05
-0.0037665327545255423
0.02110113389790058
-0.017180096358060837
-0.006156835239380598
-0.004023134708404541
0.00601442065089941
0.08871430158615112
-0.0026387088000774384
-0.002901730127632618
-0.00245242053642869
-0.004763815551996231
0.07554656267166138
-0.35029590129852295
0.06936095654964447
0.00453649228438735
0.017272451892495155
-0.010608919896185398
-0.013099533505737782
-0.02505955845117569
0.07616015523672104
0.06158527359366417
-0.0318315364420414
-0.05904354900121689
-0.010386453941464424
0.02149789035320282
0.006425550207495689
0.013995819725096226
0.046521950513124466
0.07033340632915497
-0.01385545078665018
0.033710137009620667
-4.7541183448629454e-05
-0.893362820148468
0.011997085995972157
0.01321634091436863
0.008118865080177784
0.009348705410957336
0.0014938253443688154
0.020191166549921036
0.010807923972606659
-0.008799269795417786
-0.06814168393611908
-0.023400960490107536
0.0070177530869841576
0.024592893198132515
-0.011665872298181057
0.01321655698120594
-0.04046735167503357
-0.00319158798083663
0.009033809415996075
-0.014141334220767021
0.0005834377370774746
0.009189137257635593
-0.04292872175574303
-0.22723114490509033
0.029714271426200867
0.009834151715040207
-0.08767678588628769
-0.02340078353881836
-0.032714053988456726
0.009043166413903236
0.15629306435585022
-0.07626333087682724
0.01950153522193432
-0.055593784898519516
0.015899252146482468
-0.06813564151525497
0.028596051037311554
0.14460542798042297
-0.07457947731018066
0.04876028373837471
0.0034434746485203505
-0.01537854503840208
-0.012811747379601002
-0.0064934371039271355
0.8540539145469666
-0.037503067404031754
-0.0022056815214455128
-0.03974755480885506
-0.00651440117508173
-0.059328559786081314
-0.01721934787929058
-0.018483787775039673
-0.007784959394484758
-0.010149721056222916
0.005965584423393011
-0.037598952651023865
-0.014061088673770428
0.005581434350460768
0.08359180390834808
0.009585910476744175
-0.0055292039178311825
-0.018214551731944084
0.007121499627828598
0.05074372515082359
-0.010075920261442661
-0.019300656393170357
-0.015395130030810833
-0.011947540566325188
-0.046836983412504196
1.0421032905578613
-0.008313313126564026
-0.02798745594918728
-0.006005606148391962
-0.02261553518474102
-0.0020230268128216267
-0.01326430682092905
-0.006556038279086351
-0.011770272627472878
0.005632719490677118
-0.006742442492395639
-0.01772659830749035
0.010228143073618412
0.09127819538116455
0.023892711848020554
-0.007815057411789894
-0.014920655637979507
0.01701338402926922
-0.02007541060447693
-0.003110959893092513
-0.013159511610865593
-0.04367678984999657
0.03311937674880028
0.0069889347068965435
0.00486998725682497
-0.007289286237210035
-0.10540573298931122
-0.00906767975538969
-0.0016107260016724467
-0.002849297598004341
0.7213116884231567
-0.015252562239766121
-0.022557541728019714
0.022640636190772057
0.007672289852052927
0.017207635566592216
-0.008125643245875835
0.013391351327300072
-0.013589216396212578
0.010806381702423096
0.006026660557836294
0.0014720679027959704
-0.00531385000795126
0.23457765579223633
0.014295239932835102
-0.01880115643143654
-0.0016771057853475213
0.0006094193668104708
0.025830252096056938
-0.24333345890045166
-0.06910865008831024
0.026890935376286507
-0.001509473891928792
0.011545231565833092
0.01531542930752039
0.01257137767970562
-0.004560066387057304
-0.17875514924526215
-0.07879900932312012
-0.029368026182055473
-0.102640300989151
0.006059206556528807
-0.031388457864522934
-0.030008895322680473
-0.03985360264778137
-0.09129519760608673
-0.10799063742160797
-0.0013728990452364087
-0.0009998356690630317
0.049800172448158264
-0.006348317489027977
0.002956387586891651
0.034115321934223175
-0.004062968771904707
-0.04610549658536911
-0.010721396654844284
-0.004050584509968758
-0.0026466092094779015
-0.02458506077528
0.00465439073741436
-0.008869008161127567
-0.021144572645425797
-0.0005563872982747853
0.004020105116069317
-0.004268584307283163
0.5597839951515198
-0.003577775787562132
0.0024567446671426296
-0.041352033615112305
-0.004201019648462534
0.4269866347312927
-0.009955400601029396
-0.002383488928899169
-0.02857709303498268
0.008380474522709846
0.00868169218301773
-0.0017503367271274328
0.0033226595260202885
0.0014305191580206156
-0.004474107176065445
0.0125651890411973
-0.0031490682158619165
-0.0572802871465683
-0.0018077357672154903
-0.006220976356416941
-0.05273320898413658
-0.0016415838617831469
-0.02748878113925457
-0.048790909349918365
-0.05848981812596321
0.0031425869092345238
-0.01863628625869751
-0.0033014738000929356
-0.028072942048311234
0.005348577164113522
0.0038550884928554296
0.002883801469579339
0.008576585911214352
0.01647450588643551
0.02538488060235977
0.012077463790774345
0.0007119383080862463
0.23722152411937714
-0.0030429933685809374
0.0106239914894104
-0.15365588665008545
0.0023436658084392548
0.0007571447058580816
0.005456322338432074
-0.022988269105553627
-0.17783193290233612
-0.05604778230190277
0.0030673060100525618
-0.0033555596601217985
-0.04315341264009476
-0.00580958416685462
-0.1251607984304428
-0.006081105209887028
-0.010041625238955021
0.022468052804470062
1.1555136442184448
-0.0071324873715639114
-0.008882191963493824
-0.007965605705976486
-0.009442546404898167
0.002434629248455167
-0.017901308834552765
0.008932234719395638
-0.016451634466648102
-0.05656808242201805
-0.005001414567232132
-0.004538519307971001
-0.0012537039583548903
0.004952946212142706
-0.019275810569524765
-0.008898984640836716
-0.00034068283275701106
-0.0012154444120824337
0.03790469840168953
0.003968969453126192
-0.01534311380237341
0.008268189616501331
0.021262865513563156
0.23964478075504303
-0.010298950597643852
0.01971757411956787
0.000819245760794729
-0.000409134867368266
0.004941017832607031
-0.2640458345413208
0.07276877015829086
-0.017996372655034065
-0.00018243446538690478
0.026575975120067596
-0.01972152851521969
-0.0038080126978456974
0.012246583588421345
0.15035724639892578
0.008059605956077576
0.028099462389945984
0.10242889076471329
-0.0046863374300301075
0.01599595881998539
0.011669217608869076
0.053989626467227936
0.08613403886556625
-0.0065816291607916355
0.02676926553249359
-0.0011333185248076916
0.021290099248290062
0.00422506732866168
0.00494183786213398
-0.0006159016629680991
0.0067298151552677155
0.0581972636282444
-0.00400269590318203
0.0011920023243874311
0.026712577790021896
0.014972347766160965
-0.027327926829457283
0.025080930441617966
-0.12891195714473724
0.020500509068369865
0.053668342530727386
-0.46427032351493835
-0.009323906153440475
0.021922774612903595
0.059497445821762085
0.041363321244716644
-0.004385381005704403
-0.00310910539701581
0.007648640777915716
-0.0003641707880888134
-0.05228206887841225
-0.01119177881628275
0.002943028463050723
0.004554057028144598
0.007739237044006586
-0.11264822632074356
0.007737947627902031
7.687056495342404e-05
-0.01929628476500511
-0.022817963734269142
0.02558164671063423
-0.016628988087177277
-0.027874546125531197
-0.026685787364840508
0.27279508113861084
0.0018703312380239367
-0.003699078457430005
0.00012171233538538218
0.014661031775176525
-0.048393651843070984
0.009767516516149044
0.0067184437066316605
0.009454178623855114
-0.005040420684963465
0.35232582688331604
-0.0019695269875228405
-0.004954220727086067
-0.009385932236909866
0.0127926766872406
-0.11408073455095291
-0.004103046376258135
-0.006168394815176725
-0.02142733335494995
0.013908781111240387
0.0007001787889748812
-0.011200301349163055
-0.038343265652656555
-0.025631317868828773
-0.07039988040924072
0.012903413735330105
-0.019791126251220703
-0.008460376411676407
-0.005249255336821079
-0.0055229621939361095
0.018069855868816376
0.014826083555817604
0.011520562693476677
-0.007194423116743565
-0.02716008387506008
-0.10067104548215866
-0.007396923843771219
-0.0012873744126409292
0.0009484675247222185
-0.04417795315384865
0.009078141301870346
-0.006999897304922342
-0.002485372358933091
-0.042787980288267136
0.9302067756652832
0.10638800263404846
0.003057909896597266
-0.004055781289935112
-0.026619229465723038
0.0006592425634153187
0.013172876089811325
0.06234642490744591
0.013939179480075836
-0.017707131803035736
0.00868945475667715
0.009619640186429024
-0.04964309185743332
-0.007002485450357199
0.019556134939193726
-0.03394224867224693
0.017082713544368744
0.017443416640162468
-0.01825624145567417
-0.01540446002036333
-0.038711030036211014
0.02118554152548313
0.010760837234556675
0.007876305840909481
-0.019810019060969353
0.008610299788415432
-0.1044355109333992
0.01681477576494217
0.004676769953221083
-0.009030047804117203
-0.017254279926419258
0.9798807501792908
0.04148005321621895
0.014309048652648926
0.020817821845412254
0.003861374454572797
0.015635451301932335
0.0007488692062906921
-0.00013553773169405758
0.022158969193696976
0.015415126457810402
-0.003325210651382804
-0.0032453311141580343
0.022273926064372063
0.011018644087016582
0.008594488725066185
0.008400172926485538
0.006951878312975168
-0.010713255032896996
0.010853959247469902
0.01334595587104559
-0.024322116747498512
0.018599024042487144
-0.04677790403366089
-0.010187718085944653
-0.06455490738153458
-0.0033413544297218323
0.024624979123473167
-0.8507557511329651
